500
-980066727 -972257856 -960271758 -953652043 -945629556 -942252368 -941095936 -934817049 -929911277 -919590240 -908304682 -905121225 -877621767 -871703436 -865751828 -855402753 -851049652 -849312476 -836092987 -822293004 -819765199 -813363397 -807652020 -803562735 -799803453 -796639358 -782345992 -771985965 -770191158 -763269274 -762524642 -732992851 -731496680 -714955440 -714344811 -706633453 -694680713 -691995436 -670224883 -666288909 -643692149 -629630214 -617081973 -616252264 -595372554 -587522691 -581416226 -550799020 -548862572 -543583153 -539359879 -535220330 -533059325 -532410321 -522512468 -509579702 -508667988 -504224751 -490159305 -483934485 -474048036 -473608648 -454081440 -449019530 -446189906 -437318342 -435470126 -434951658 -415031508 -397731447 -395248861 -356671586 -342559156 -331669077 -320749149 -300476911 -298571956 -282545515 -281457634 -278115360 -273317651 -264058106 -260187814 -255996343 -254772930 -252589104 -252441543 -249867504 -242085798 -211163523 -207941638 -200174543 -193224252 -186908823 -183875785 -173476945 -166997576 -158607373 -154373201 -143502299 -136551457 -118503921 -118156358 -116150572 -103036071 -102993881 -95917096 -79845966 -77241908 -74206278 -58257507 -41339665 -38964527 -37452585 -24769704 -20090608 -15658491 -15539724 -6159963 2919451 3436390 4656850 8495305 17308310 18066757 20360800 21565027 22173684 30539747 35250926 45253909 46723679 53941188 59927952 61064575 61369595 88815390 89534810 103985433 121116671 124619131 139356364 159794033 168853564 176233644 176954812 178429168 181058525 189611876 191590883 193263554 210300365 218059058 231319034 248671930 253665921 257517233 261289383 263172224 264108224 274382807 278169582 282266769 288215002 295522694 297043590 300917086 304645981 305851848 308745206 315280673 322123670 328282339 344645066 352876661 363577425 366240841 367072793 397369451 398246204 401697979 402585952 406111987 408039676 413841726 416093192 418295759 419777392 424454107 441842464 446445618 451847894 453707063 465365667 487132197 492816542 499842378 502765266 507249860 508856283 533496062 564065937 582322928 599332133 612996896 614246492 616544724 622478859 626687790 634899257 635979921 643133963 659625732 659823143 670681437 671483441 676135767 714022920 729253972 754050000 755688597 784628684 787010879 791188489 804617111 806680781 813964173 817928056 820309322 832917421 855916671 871991102 886643129 890873535 904429278 904473322 910249805 911730884 914278289 914614061 917889393 918105530 935612585 963202316 963537996 964098089 964400396 971123669 982923794 997622041 19159349 999226077 998645694 990956069 982364820 979628152 968315988 967535936 966041574 964677995 959869027 947483352 945075234 937311203 926738819 925154789 902868859 896124845 895793540 893391642 891560828 886197819 886189316 884656209 883681005 882980051 870784727 859173535 858757500 831907740 824949629 823694314 804474734 801961886 801128793 792503379 791291950 785966642 785211991 783364117 780399167 775266009 750425303 748293459 743855152 735649473 730397248 728020301 727311836 710660136 710415360 705684152 682680026 677074264 674602104 660662438 653722006 638527794 634188421 618423429 618362515 615225342 609445337 600861767 586015047 576518180 571868325 567692272 545825105 528158804 525331084 502680329 488788497 477980143 476999628 469535941 467876207 463266949 459064128 436362345 435734691 420066918 395171944 387543297 374363630 345877701 339354089 338840602 315915553 312580471 305316247 299249035 277018022 275554730 269397183 269189988 268325781 248064732 247955485 222730989 220796626 210750949 193980315 190441119 188920506 183916680 181393612 170366931 143255529 138756748 120228557 110849146 79274113 74859742 70630113 57830271 37102938 36272607 10966656 10196323 7089816 6198444 73924 -513525 -18162692 -26341610 -27078831 -28502193 -28646229 -33341205 -40702006 -48885573 -56600972 -70086600 -72820384 -81903944 -100463761 -104183707 -138372299 -142909141 -147966409 -151336571 -170426170 -171727020 -182492789 -184365106 -187743419 -188678568 -214119502 -227904921 -231347362 -252604463 -264565423 -271649996 -307701509 -315138604 -321239682 -346727357 -352393991 -380967724 -390220216 -391528850 -398140081 -405061839 -419120869 -423274787 -427252687 -430505421 -432263091 -450042206 -474975203 -475006606 -482712069 -484423928 -489585331 -500369605 -513288091 -516712736 -517258877 -524572569 -531894942 -534267680 -538567515 -556865241 -561370868 -562175634 -576347303 -592650644 -593966155 -595115580 -598897513 -615894314 -623433475 -637855624 -644454795 -665083299 -674905601 -685298559 -690352550 -691996180 -707164506 -711890783 -717507293 -719075197 -721565532 -724573524 -725470509 -726016563 -731958904 -735718192 -751329292 -755123475 -773284887 -779732725 -785046873 -792680574 -795289381 -797635827 -802033871 -806391513 -807811803 -817583073 -818083672 -823865419 -849887501 -851288673 -855320964 -856072869 -861769688 -863798013 -874348435 -877031175 -880147510 -885140374 -886725921 -895178314 -902991285 -908008280 -908052492 -915924877 -917065955 -917283465 -919431782 -932648625 -942229075 -969885689 -976527159 -981898607 -992029338 -998569462 
500
-980066727
-972257856
-960271758
-953652043
-945629556
-942252368
-941095936
-934817049
-929911277
-919590240
-908304682
-905121225
-877621767
-871703436
-865751828
-855402753
-851049652
-849312476
-836092987
-822293004
-819765199
-813363397
-807652020
-803562735
-799803453
-796639358
-782345992
-771985965
-770191158
-763269274
-762524642
-732992851
-731496680
-714955440
-714344811
-706633453
-694680713
-691995436
-670224883
-666288909
-643692149
-629630214
-617081973
-616252264
-595372554
-587522691
-581416226
-550799020
-548862572
-543583153
-539359879
-535220330
-533059325
-532410321
-522512468
-509579702
-508667988
-504224751
-490159305
-483934485
-474048036
-473608648
-454081440
-449019530
-446189906
-437318342
-435470126
-434951658
-415031508
-397731447
-395248861
-356671586
-342559156
-331669077
-320749149
-300476911
-298571956
-282545515
-281457634
-278115360
-273317651
-264058106
-260187814
-255996343
-254772930
-252589104
-252441543
-249867504
-242085798
-211163523
-207941638
-200174543
-193224252
-186908823
-183875785
-173476945
-166997576
-158607373
-154373201
-143502299
-136551457
-118503921
-118156358
-116150572
-103036071
-102993881
-95917096
-79845966
-77241908
-74206278
-58257507
-41339665
-38964527
-37452585
-24769704
-20090608
-15658491
-15539724
-6159963
2919451
3436390
4656850
8495305
17308310
18066757
20360800
21565027
22173684
30539747
35250926
45253909
46723679
53941188
59927952
61064575
61369595
88815390
89534810
103985433
121116671
124619131
139356364
159794033
168853564
176233644
176954812
178429168
181058525
189611876
191590883
193263554
210300365
218059058
231319034
248671930
253665921
257517233
261289383
263172224
264108224
274382807
278169582
282266769
288215002
295522694
297043590
300917086
304645981
305851848
308745206
315280673
322123670
328282339
344645066
352876661
363577425
366240841
367072793
397369451
398246204
401697979
402585952
406111987
408039676
413841726
416093192
418295759
419777392
424454107
441842464
446445618
451847894
453707063
465365667
487132197
492816542
499842378
502765266
507249860
508856283
533496062
564065937
582322928
599332133
612996896
614246492
616544724
622478859
626687790
634899257
635979921
643133963
659625732
659823143
670681437
671483441
676135767
714022920
729253972
754050000
755688597
784628684
787010879
791188489
804617111
806680781
813964173
817928056
820309322
832917421
855916671
871991102
886643129
890873535
904429278
904473322
910249805
911730884
914278289
914614061
917889393
918105530
935612585
963202316
963537996
964098089
964400396
971123669
982923794
997622041
999226077
998645694
990956069
982364820
979628152
968315988
967535936
966041574
964677995
959869027
947483352
945075234
937311203
926738819
925154789
902868859
896124845
895793540
893391642
891560828
886197819
886189316
884656209
883681005
882980051
870784727
859173535
858757500
831907740
824949629
823694314
804474734
801961886
801128793
792503379
791291950
785966642
785211991
783364117
780399167
775266009
750425303
748293459
743855152
735649473
730397248
728020301
727311836
710660136
710415360
705684152
682680026
677074264
674602104
660662438
653722006
638527794
634188421
618423429
618362515
615225342
609445337
600861767
586015047
576518180
571868325
567692272
545825105
528158804
525331084
502680329
488788497
477980143
476999628
469535941
467876207
463266949
459064128
436362345
435734691
420066918
395171944
387543297
374363630
345877701
339354089
338840602
315915553
312580471
305316247
299249035
277018022
275554730
269397183
269189988
268325781
248064732
247955485
222730989
220796626
210750949
193980315
190441119
188920506
183916680
181393612
170366931
143255529
138756748
120228557
110849146
79274113
74859742
70630113
57830271
37102938
36272607
10966656
10196323
7089816
6198444
73924
-513525
-18162692
-26341610
-27078831
-28502193
-28646229
-33341205
-40702006
-48885573
-56600972
-70086600
-72820384
-81903944
-100463761
-104183707
-138372299
-142909141
-147966409
-151336571
-170426170
-171727020
-182492789
-184365106
-187743419
-188678568
-214119502
-227904921
-231347362
-252604463
-264565423
-271649996
-307701509
-315138604
-321239682
-346727357
-352393991
-380967724
-390220216
-391528850
-398140081
-405061839
-419120869
-423274787
-427252687
-430505421
-432263091
-450042206
-474975203
-475006606
-482712069
-484423928
-489585331
-500369605
-513288091
-516712736
-517258877
-524572569
-531894942
-534267680
-538567515
-556865241
-561370868
-562175634
-576347303
-592650644
-593966155
-595115580
-598897513
-615894314
-623433475
-637855624
-644454795
-665083299
-674905601
-685298559
-690352550
-691996180
-707164506
-711890783
-717507293
-719075197
-721565532
-724573524
-725470509
-726016563
-731958904
-735718192
-751329292
-755123475
-773284887
-779732725
-785046873
-792680574
-795289381
-797635827
-802033871
-806391513
-807811803
-817583073
-818083672
-823865419
-849887501
-851288673
-855320964
-856072869
-861769688
-863798013
-874348435
-877031175
-880147510
-885140374
-886725921
-895178314
-902991285
-908008280
-908052492
-915924877
-917065955
-917283465
-919431782
-932648625
-942229075
-969885689
-976527159
-981898607
-992029338
-998569462
274310395
