81
498 281
422 307
157 138
50 378
44 209
164 427
404 114
497 404
60 139
198 294
423 122
363 475
212 311
385 81
140 224
398 127
505 308
434 151
447 484
17 491
182 181
407 74
295 392
478 355
20 164
138 443
287 501
406 499
300 279
69 441
504 467
56 497
264 490
136 199
463 153
178 133
335 73
207 118
466 173
474 486
338 100
417 113
89 311
100 389
78 169
318 70
125 374
56 389
353 192
76 304
346 254
437 169
328 132
287 282
305 249
256 131
349 161
244 438
472 345
316 38
2 122
109 127
497 165
4 338
357 80
130 191
335 55
360 151
187 136
433 492
385 177
112 223
338 356
149 298
189 465
336 192
76 445
319 61
98 324
399 456
404 17
