256
135 2275
2632 496
3450 1795
632 299
3311 505
3548 1887
1752 3886
1220 3950
1624 1921
1343 3497
65 3979
1894 1921
1480 969
1221 2391
1937 3673
872 2072
1853 3504
2568 1207
1203 3200
1507 419
3706 959
2306 1362
750 3526
1216 2374
1352 2560
1775 1417
2443 3670
3338 3924
543 463
2219 2480
41 3092
456 1894
2500 3025
3101 3704
2129 512
27 1739
1472 2333
3102 2222
1764 222
500 3116
2782 2276
437 1130
1850 3776
958 2393
143 3177
777 184
2173 1233
2078 578
162 1084
186 2292
1596 213
4031 3068
2546 3037
1194 214
3260 1695
3330 1946
3971 3768
3076 1725
3448 4034
22 3591
3116 799
3776 1193
2032 1758
1771 2195
2842 1957
391 343
2170 326
3411 621
3364 510
835 2528
2205 70
378 2080
3838 3455
3805 3190
3393 3827
2685 2413
530 2365
3607 2562
28 1282
661 2870
3240 1052
3213 1314
1379 2529
1935 647
3039 2771
3175 1148
2841 3553
3228 2583
2912 2937
1677 2210
2668 266
527 3198
2632 38
1664 2660
1321 2326
1434 465
3378 552
1779 661
3081 3715
1308 2024
2390 387
3172 1135
3941 2304
3718 2757
1145 1299
871 3813
1565 1399
2915 101
1437 483
2761 2758
2809 100
3223 2092
652 907
2753 3733
526 4062
1661 2916
353 737
4051 198
3041 3673
2956 90
876 3827
3903 2441
1130 2722
2543 2568
3205 1208
1230 1919
1308 358
4011 1960
1265 2668
1597 1791
2634 3258
611 2988
3995 566
3186 2940
143 2046
3030 1019
1778 2837
3460 2908
1463 1907
1380 573
3116 2611
2492 328
2969 2407
2289 138
979 3886
1929 3614
3049 2540
2506 2948
3106 1596
1793 3249
3643 727
172 1325
3565 3632
137 932
1444 1518
1505 464
33 3997
792 3002
2308 3081
3140 3288
2872 973
2806 1825
3513 1216
677 2523
2812 2470
1676 2359
3198 1848
3684 2667
1384 3822
3599 2828
1244 1009
3292 1277
910 4085
183 3219
3070 3323
2411 1846
200 1121
3671 3713
2337 253
2140 1053
2723 3816
3413 1825
1568 3001
396 2952
2727 3996
1685 3971
909 881
1152 1819
870 1335
942 3941
562 3353
1691 762
378 1267
379 2715
1520 2519
3769 147
2239 3086
1973 3807
1991 2369
2664 623
2269 253
498 3178
1134 1651
902 2005
2986 1844
1850 3549
1102 3541
215 1480
712 595
100 2232
3114 3869
2380 1258
2859 257
969 754
2626 3633
1377 800
3886 1876
3978 925
3527 784
2930 2417
2629 684
1870 3731
129 2086
1115 842
2681 1215
3074 1699
988 1358
2957 3847
1615 3927
506 146
3464 1883
946 3255
3759 828
84 3190
1613 3014
1512 146
3698 3382
3877 3827
1372 896
573 4053
2112 3648
1657 3100
910 518
2852 2526
349 3358
2672 3814
1145 3618
2973 809
350 3057
3999 1963
1975 1415
2109 1577
702 1890
1308 2074
2787 1882
2032 803
