625
5530 28265
3903 31016
12399 14947
13062 29133
26497 19830
4275 23547
23448 15440
12068 19703
22593 11971
13474 20472
1099 23776
9761 9993
9282 27453
3875 12069
12951 5907
12872 18481
1404 16776
16730 13804
31723 29792
10169 25453
16855 14444
16232 7535
29884 28300
27238 19709
7503 7945
7413 8602
31721 17174
18595 8235
11859 22471
20305 24811
28378 409
10524 29783
17185 27254
10819 16141
24279 20988
8826 8366
2664 25058
15901 32548
20590 10372
19489 28093
18317 26902
3928 17270
11308 22523
25505 23167
12226 13042
15210 7837
13452 25735
4852 30637
20221 15671
14010 11732
3891 22836
20098 6555
15126 3232
6335 2948
13604 25824
31042 31921
19958 2202
16423 31266
24725 9160
21665 4184
22203 4108
12021 2887
29843 16873
756 17296
32544 14767
29029 3667
4835 16359
10222 19962
19591 16557
22910 427
9613 21184
32348 29571
23386 16003
28069 15344
25164 16966
19528 14599
21074 31549
17486 18149
15654 18242
2678 15430
241 31707
19097 5077
15298 29319
25039 2122
13108 15181
2549 22721
3598 2130
19524 26984
18133 14825
9560 10529
31791 29088
25128 20098
27869 9846
5479 10755
28089 8157
26185 28330
7096 12514
639 22395
9065 25678
24517 22173
8092 27066
12126 11690
29196 31650
5906 14562
13707 15467
25091 12731
11787 17452
61 6889
27298 5540
17644 22619
13698 11062
18182 20794
23576 18821
10421 32642
11732 2170
22047 19824
29237 1406
31514 25665
288 4652
7459 13996
20119 32551
26727 31907
17235 26788
6028 11765
32328 23672
1617 13258
1966 19799
1285 25543
5852 11706
25417 17584
13877 14696
4640 10346
16102 3386
3243 16391
8039 10703
30387 28158
10486 24346
27297 27721
18366 557
6718 17926
24230 8335
31185 26196
28134 32470
18971 1219
11408 11620
18803 25285
26317 23444
2863 9651
26830 6107
26042 2101
16810 23661
30260 27296
15239 24789
22249 837
25347 28967
18764 16809
4535 17181
10237 32669
16883 29209
1120 28291
8061 19924
20809 1610
10600 23672
11262 4662
29779 4536
6764 13821
28198 4256
8349 10669
29045 30598
11507 21624
26798 30271
5665 31333
14684 15903
31234 31567
12344 32355
27090 20405
19511 15131
22016 30111
6036 510
2005 3047
5046 8769
16869 476
13025 25218
11146 9303
23049 22653
30927 17079
20156 3825
15644 2072
19728 14110
871 32072
13697 27961
19709 440
10325 8957
30551 16361
9467 32557
19408 14514
8558 3509
14990 21584
28728 26136
30887 19009
16021 29046
3320 3409
103 18964
5481 19831
306 6352
19135 14004
1546 6077
14444 11871
15034 12228
28232 24502
12017 14872
6248 20575
18382 21238
9391 14342
14607 7510
583 30628
3789 3903
1270 3892
22867 6751
23724 23173
13104 10091
4409 14650
16168 18854
26521 31203
31082 21985
22937 10331
4089 29185
30906 22471
17655 7530
4045 32262
15040 4628
30123 18829
8531 31393
22722 31398
5376 13678
21804 18480
23769 26213
362 7170
12299 26883
5605 10613
16100 28542
20944 20190
24959 19083
9893 9846
26613 13939
9341 8885
18567 6696
27715 27099
5321 17669
25729 10697
31347 14765
29178 22348
8211 29540
29518 20510
23656 2355
31124 6988
30897 19300
27178 23088
5615 4304
167 32228
18243 9508
8346 4042
16204 3293
31141 21525
20962 24103
32222 19541
6100 28632
9121 14311
25405 5872
2054 16293
8227 410
23281 6357
19710 17692
29445 25326
21996 29612
24786 7471
6352 364
11513 22556
3657 9887
11313 24619
1222 10768
11392 7322
6632 20514
21634 32037
26386 23688
15562 1845
24098 6076
8202 11040
23768 4880
3598 12996
1724 28385
20467 8077
28749 31980
30633 32407
9099 9179
24258 10321
19947 2883
17644 26579
23397 6510
25849 17015
30198 8643
18860 21528
14719 27063
32568 5719
31943 3399
18715 899
31784 6414
8976 27765
5627 6842
27404 14726
16021 18895
25048 3200
21778 9924
29779 12407
16434 22860
29422 13864
31504 15514
2624 13455
9809 2424
19175 8984
5823 5122
9884 4839
11537 18860
32605 17164
25702 27241
31890 8955
13368 24170
12155 2378
1326 9167
14785 17760
32027 11439
31624 30763
26954 1480
11451 3995
3905 30626
12980 9728
2980 22864
14568 14517
8956 14405
31681 1891
8878 30804
10846 22247
22206 23002
24625 23533
32169 6643
8525 31428
18082 7382
29424 12268
8862 8107
16264 12767
5965 29244
22496 8945
19340 4296
23463 28296
18701 22376
30187 27579
20412 8266
17058 9851
31268 8916
616 30669
15559 9141
29329 873
16523 25985
13142 25386
1324 29406
5385 7289
25882 27881
16235 12454
32177 6930
7982 18110
29306 5402
12922 16951
13668 29980
26802 12168
6128 27418
10069 21687
3791 6630
22561 20315
32616 2935
12933 1172
32341 18318
8462 25455
13432 24697
5141 12841
31627 13123
30952 28165
18525 11106
12348 32193
8318 6382
11593 14447
1032 21662
3366 4824
28293 25927
25139 28141
28862 5304
29313 28435
23622 5007
21122 4286
29704 26263
17128 28563
6619 15312
23961 25144
26418 3541
24570 1968
9924 3395
16415 10956
25058 19782
15780 20583
12941 8151
15956 9036
13455 12501
4703 4310
17509 25826
8596 14445
19321 25724
10241 25940
8268 1434
18317 1918
4975 10119
3887 14899
13514 20302
25856 5804
7316 8868
26387 20258
17020 9575
29294 30475
22077 1229
2017 6818
27055 10614
21263 13609
3570 31504
6781 11839
170 25098
13757 5146
2449 17644
20045 15964
5179 13133
21768 12495
22002 15388
32753 6254
24963 29279
3961 14272
30509 5979
21090 24796
16593 9586
5637 20163
8322 12419
32002 8493
4749 12992
13639 7199
30636 916
23163 3047
14050 12163
15543 3284
27551 15528
9538 19747
12040 13499
1251 9781
19478 22342
1809 3303
31928 7447
23467 7482
19866 22701
15975 24615
2925 29614
31814 794
30531 22209
3841 11813
1605 19384
15097 29156
2145 24635
16135 14185
5366 17387
23966 24845
6961 25775
28148 6121
454 18847
13603 20320
8781 29579
12168 11706
26425 11214
12500 24188
656 16342
3233 2261
2958 18330
31417 5103
10197 14785
19288 15564
32172 10486
7641 6365
3494 3021
12486 3948
21869 26089
24269 30650
22900 3669
9588 16558
14883 22089
7978 15539
5663 11212
17800 8621
29542 16450
13725 6972
31235 245
22536 30639
10732 30177
4236 14226
430 16722
18174 22299
10043 9675
20181 176
13344 29770
16734 28228
19091 24712
10999 24754
3156 28800
607 32699
12482 14332
6903 10949
14578 29439
8820 25310
26848 13056
6768 27278
29778 24942
16810 7053
1850 4223
7229 15194
1225 23963
10654 20316
15908 21654
12302 19064
17686 12910
18995 30168
27242 25898
8349 9052
22569 17169
1594 16649
30225 8362
11160 27235
537 27970
1520 2387
32193 8750
17581 651
32713 28236
20967 15853
17122 502
2150 2040
13412 21145
32208 7886
14276 7789
16939 4077
24958 18533
20727 22415
26896 31887
16882 27433
27089 18402
29820 26514
27152 14633
27165 27098
10101 15365
10183 27223
15867 12333
29263 29279
711 28703
4397 14987
3724 21336
19064 28682
7102 7023
18329 1230
6142 2443
28663 463
20846 25715
26978 15230
7580 21375
9560 17682
3972 19744
12137 19839
32077 8633
16350 20
4568 20748
15007 8293
9316 1304
4207 16418
8327 22537
17648 14470
24980 13543
14933 13058
6490 9143
28289 14071
30519 5081
31753 1723
24825 11122
21563 24135
19755 5145
24155 24324
25893 6395
32617 2442
7699 4056
18860 16026
26593 3741
30496 18806
17284 12662
31864 23775
21805 27385
5078 19556
32467 4063
21280 24524
15185 10075
15891 2173
15220 7279
26497 8346
13674 26346
10788 21373
30402 29648
4631 24228
621 2360
10266 17906
15022 9362
8913 4059
3980 13991
23616 3679
18054 12128
28203 471
22203 11327
2644 4655
18606 29141
