1296
45769 163352
55487 89325
119189 53122
184510 222124
77350 217899
93412 185920
235805 75666
96978 179182
243566 100958
29333 5038
104637 47387
17166 132841
15091 203209
45864 50503
76792 195542
210717 122562
96750 4060
211887 215939
57182 134253
175919 134532
90009 7188
58308 63670
82854 155287
242853 64276
256245 10042
69314 98739
57430 86480
231580 72521
27545 15300
123024 104338
210842 71597
226900 45448
75658 176643
261387 132840
48753 175162
5229 138762
182350 63537
202432 3061
218824 183141
67337 212926
193184 136652
49521 250614
223132 18957
60991 250678
34257 184015
92872 245099
255613 57628
28403 69127
234271 27646
201967 20880
202808 207196
159642 123015
8590 99931
126076 227414
20928 193413
178196 214112
67921 227717
202582 28910
246674 1429
17444 18787
185445 110316
1742 178914
167944 30145
248041 140071
57791 187864
160952 260600
132917 58450
121471 141507
158381 247547
106777 179310
178816 22830
131278 246738
250547 71717
13504 235078
73146 30948
253865 258591
141264 255608
175361 47064
23609 161258
187135 81401
86979 85943
79857 219896
144394 201328
99259 40631
186731 206036
219941 103403
228866 89076
87997 217270
160793 101501
190204 233939
132449 181925
230387 11569
175389 143604
58633 198999
42719 245769
18256 129698
69568 98113
87450 213962
37297 186709
254594 224028
130601 212391
65287 97324
39323 153285
52450 200116
254786 242654
171912 125092
162435 140155
136661 75681
21615 195295
12536 64334
178920 30792
194032 248488
128905 19338
200307 166202
206047 192757
128086 74505
143004 193373
171829 182328
84514 224279
120300 77157
204789 30068
202249 105080
170223 76766
180761 191839
9917 193297
256173 188837
224089 188062
175182 90850
207400 113345
257052 151304
43958 122994
225809 186962
54224 135494
107146 138738
97629 227447
215895 40274
257515 156000
145354 165595
232767 63972
95290 242684
257269 89319
169378 219215
15237 82416
47921 222638
195761 42830
111798 239719
165824 75463
164537 220048
210957 9540
96643 46442
236987 50394
86716 232358
206395 232070
135809 177018
33898 231099
157558 29024
58275 64792
248239 73512
147208 34016
34006 80825
76846 145804
58400 242671
221267 222938
200575 170080
232478 35074
216522 207321
85469 41094
177535 29720
11021 51201
206738 44919
20156 102152
73943 78431
166945 60038
151944 52009
94055 185950
132835 170901
69611 191235
151428 28734
152029 89860
198815 122363
124934 153193
67540 210403
194288 245076
240123 205309
34133 184717
250228 54289
24726 62028
132721 191671
122066 22521
243680 216121
208471 114371
124879 15938
43463 14163
44673 195492
104023 243488
55712 228958
134537 123252
177217 66681
106184 155197
9846 140317
77770 260075
194607 102496
59959 65184
32023 182025
87705 13560
136003 34032
127931 260882
49971 171394
12901 94644
104743 116925
75988 160455
83739 210525
21563 260956
15063 127748
154009 24909
5921 231780
22840 200528
72132 82799
3568 104156
2681 91273
117716 138684
125306 245647
137422 175277
154898 150323
7777 259641
5104 83765
157952 88843
32146 179515
87656 47209
45119 241665
72119 51041
211301 94959
251569 21290
177759 255138
125446 180440
84267 243162
56980 209573
226665 194402
122706 119419
82581 130483
116916 87686
214248 12724
176529 246395
192240 2041
31460 237359
243707 103579
26256 192864
198539 15682
214154 114154
8676 77456
32450 92943
58474 89430
40373 22996
21688 163079
142415 104269
31419 259332
191955 245667
9912 106341
229918 202152
108382 261379
177368 89945
102814 203624
20666 39209
219306 234820
153363 227982
50133 185813
58782 108607
13099 99155
131603 34787
90 11875
139057 31509
9063 68868
15033 18975
175209 244951
221128 21448
244186 136352
111393 84857
77832 132059
124066 34995
104736 15286
833 154869
201099 59615
1332 214199
158770 132936
248986 158861
144811 125899
190370 153874
194768 205403
172849 107833
188211 131833
129281 170253
6041 240675
255110 83874
110590 117033
118869 215326
132319 119702
108051 71274
179318 109384
23329 75944
242320 10172
234805 124987
136071 163032
16717 68695
106291 189566
176529 32358
59256 43666
202612 65297
22197 195578
149171 132788
50467 5896
85970 182786
125599 194022
254061 42773
41262 15246
118717 21438
25418 91379
146425 161490
254411 163142
230185 98558
90564 144570
130917 149820
188237 71385
215118 210434
4819 102145
81078 55287
108042 167049
238073 233641
98927 229990
14270 140189
245237 132987
161627 8511
224366 45908
170001 216633
209050 138043
53048 37470
20469 183965
187291 208706
255350 140265
156997 260169
242410 238075
53312 88308
142980 29242
59805 241907
259232 74075
119952 242325
207063 19435
250837 169285
65343 158694
123775 12249
34593 176823
49720 55063
98644 237011
1625 91850
115132 158622
89875 95398
134554 143188
183707 15390
172430 243512
257298 169518
55444 115106
149700 363
134542 138393
169648 199885
34943 31279
212135 69537
208102 261855
124600 44602
236722 126225
136452 89710
22704 226328
185108 157258
107372 106671
172648 17658
88040 167802
187176 143484
20765 74732
143847 155307
213125 51351
93048 248069
82631 43039
55462 28589
42750 180062
73192 17328
44143 209644
107038 66847
173828 30003
224105 19056
136674 134610
36714 224714
40268 223891
106054 61033
36479 249901
216340 249605
39109 47245
235530 121740
90284 28848
150329 133035
208910 223521
150363 253053
171022 257402
57757 82706
25261 19718
101763 161935
154328 138477
124506 194597
100224 230560
255630 136704
218318 209827
124165 257427
257072 97551
117023 85212
126399 5208
218247 73165
228730 106467
64074 137608
101725 121831
220314 126986
141550 59933
26777 33734
198411 151283
228331 36491
119700 221818
173195 75874
169501 35216
71157 164429
132767 188180
249641 259166
193388 205745
70187 159974
50068 134262
35438 151793
256093 255753
16635 135499
53542 43412
169234 251953
194696 135421
26301 52252
95095 199496
128126 2452
234713 199283
166881 105336
125319 154379
102359 56563
97980 172546
216538 148048
44664 251976
37697 38614
245585 54332
174113 36984
97744 81203
26793 30296
216625 53094
82548 49576
252591 210674
52029 225160
147813 218910
68352 10988
111145 170711
67552 209125
81114 21946
95029 125778
11778 132726
164392 257364
187058 76362
32204 22659
157565 58997
52955 112046
112092 135504
161623 102539
84034 213652
65555 231848
170418 133907
242836 19420
42475 48244
228545 123589
70190 61431
249367 81969
194157 151616
77189 119072
227978 109393
141731 123399
168390 194686
235446 18338
68046 134925
120877 152081
86433 186432
121785 256851
58196 102477
14127 100671
150722 242673
224260 220912
41960 211483
40737 236117
100955 117926
93045 66789
227319 234776
190189 133566
167319 163491
151904 235365
36272 10638
125302 122705
197070 247087
117412 255266
87421 131540
93793 238143
112069 55909
196911 154029
5249 237649
128002 106204
93431 221048
172994 58607
193680 101039
192173 98855
2386 81933
72077 38658
92571 197379
161363 27498
182323 16631
20620 7600
148171 114414
245743 260240
170323 180510
152125 175572
156015 17984
19633 249447
239032 192627
45910 170568
31522 238083
7280 33908
57872 79357
72566 150444
14592 233929
177942 196915
250560 198562
204515 136588
50832 188114
134684 221156
106481 24666
134584 352
42650 154217
249799 19538
84700 33565
190106 116222
9504 197386
150130 67377
14599 222696
217821 29192
194481 133619
226107 182898
70037 168479
57342 120870
94449 192026
79882 200930
216692 214466
201283 259342
106540 188938
16736 191240
222504 206843
45319 232008
142085 195449
37241 156685
156002 255062
185877 88339
126537 149840
9093 196575
56175 66435
55301 150625
258462 135183
89411 213010
87505 28550
210209 194045
217489 226945
123142 177849
171644 168461
147713 51586
101766 184955
208271 257768
177873 132004
83964 42267
19700 93057
238842 75876
159493 31999
226501 155811
167182 53768
106677 254687
82319 54742
186589 37664
19544 47587
215513 191188
216048 101082
242774 55670
23893 188901
51295 201767
58761 135259
244034 78462
228316 220732
154338 125665
252731 118695
19332 157769
172463 126010
150312 254782
180752 74757
30302 200296
122344 245815
129341 76248
84754 109971
131919 108647
36729 183214
48270 95490
56329 30160
173952 22501
250892 66146
148167 241479
184841 167499
137104 95161
31365 25273
87799 212118
100030 118102
150270 222375
101773 17467
36479 186527
127439 168398
33031 164168
89468 81301
259658 145797
111462 171467
168299 100210
237613 54322
79546 160311
221821 216650
255472 253187
241923 81127
203161 79810
199229 91287
40041 38859
108755 76520
225386 236194
244919 258417
138218 72243
77575 135732
218041 189037
45055 124196
27103 20525
178518 106649
180836 138195
61156 174164
129238 40935
255291 70255
120745 192377
161543 160786
231236 8154
237307 194478
244348 220082
190752 120422
30181 6183
256154 248222
195220 39066
110274 222323
59591 26648
66829 240427
164844 127985
152447 31938
168920 145594
102194 27522
75827 1593
188308 44919
9747 163471
239398 254095
121409 168006
112373 151591
174189 106383
137669 107265
145449 247944
67444 205040
12448 134273
183323 177292
114 73626
209231 169035
219221 49281
196557 32904
50874 122721
77824 60621
24049 55078
52572 145458
223084 164945
34905 135129
9184 172575
242394 154634
158375 47694
97530 170823
181968 18710
85972 182082
92336 33059
88973 49413
82340 23386
82318 133214
146108 160142
193835 170157
215220 246407
53471 176160
149208 88377
49145 158392
260952 29395
50882 157183
77089 148413
65862 259057
167123 151834
178996 259459
184893 5825
46729 5089
29212 129047
138303 175320
27045 69994
83333 242265
54257 136804
156281 203465
225181 205426
99714 223989
234821 150596
119028 49766
36865 184891
46680 203988
74581 225676
201304 259475
231501 248033
2420 260713
114936 140724
173889 141981
210718 257222
122102 2832
131883 16239
206297 94920
221665 43867
56766 194342
194464 175794
244108 231329
98541 28644
173174 173123
254320 112334
170454 223678
98223 172874
222247 213159
51454 133993
92996 29
129071 215098
2861 260954
231337 209158
93731 190858
253026 150497
123056 185346
64147 105020
154531 162689
133665 65561
73668 125841
177895 244122
87375 13974
154852 47479
227133 206307
181472 57985
206336 48399
10939 209197
47210 242276
156211 140941
170990 147093
29294 31902
70295 93441
136923 224827
256130 8444
28244 67654
134285 206140
49632 221661
220114 204485
6996 185104
148648 188468
243089 92840
236867 254029
39893 21933
234161 196104
162874 143008
81054 192168
174910 151349
23466 49689
114032 17452
58133 142277
85107 192419
86273 134739
151936 44243
77080 158932
229347 225728
85256 210293
56424 59979
202178 96317
81913 174195
30278 244787
55059 111332
174812 229970
537 198278
17515 114570
215730 75649
256847 38693
5924 80976
173433 157860
125219 250513
54648 92423
214098 139904
40572 8378
199883 242750
104696 19652
154801 134974
2296 209861
246306 177108
177687 246843
113242 195202
99269 66828
8707 93972
105522 14631
174948 16811
172491 38024
5180 227139
130447 219278
104899 171019
227657 42639
151625 70209
62291 44282
205183 64587
254143 189345
241695 169686
174044 92793
102745 11170
159622 111452
105142 3000
126084 17947
19811 36431
55971 24991
1427 186418
244270 106326
95293 209783
148965 246918
17848 211257
29056 223031
13700 21056
150232 255396
190742 62132
86045 31343
73302 245667
142796 178445
248667 6736
196392 6334
43167 252363
31326 44594
176637 13452
150921 9786
223235 37742
256704 241083
248999 23616
201970 556
44672 90058
255952 235415
152190 79853
4614 225493
63377 147410
141794 49900
154146 76042
56235 197314
66261 87561
241908 242898
101013 130685
252684 62104
168428 247244
41043 155283
8716 243013
155839 53389
70927 149647
26660 223117
229501 31274
186466 30734
178685 66116
80634 70687
142158 136869
5857 208419
224430 247766
189173 63299
116307 179713
125403 22591
164813 166446
177875 173530
147315 71570
226919 218242
221218 253579
179216 188575
22709 103538
219309 201394
169655 37799
9938 49669
174669 15795
258089 136955
1417 185118
200255 117725
102688 63514
140316 5357
229961 56047
178887 115132
127618 143662
71231 86692
135097 250447
13123 157807
91841 232432
97057 261496
8087 106995
49022 182756
122791 44967
57568 124208
230085 257823
241933 70629
59193 120106
75987 27010
176153 254874
142143 41627
136393 213374
128319 9346
201677 141442
167153 31374
111730 2067
30727 119818
109062 79749
40430 231853
124716 97998
93918 92657
93677 73707
163287 152871
193813 239274
179881 107823
232004 59880
149450 106253
11110 15626
115600 212787
157068 20609
244162 6655
22676 12745
126473 131739
92494 166903
101448 217210
2758 195366
47723 96435
6930 211010
249306 200743
188140 167044
46422 158001
226924 195873
2110 238035
211499 117710
188678 106423
138320 170696
113078 160996
183441 239551
30591 13791
144311 132040
231001 147069
65262 16581
243504 72192
227591 230667
10792 153588
135567 57214
49445 100347
253087 51555
76238 202442
169266 2773
46722 45442
173469 159800
206438 94767
137208 237030
108558 19375
106926 77416
166444 172188
93997 147804
244381 59444
116327 255173
213032 251894
50243 333
90098 41187
51889 166336
243629 221155
169109 28207
4453 80435
188008 210891
175202 63072
185777 21616
82447 30559
99032 248891
202748 193029
134551 184985
252474 250879
178014 203362
240629 228257
203696 68583
7300 255585
234920 250930
214596 141885
16993 219049
222320 205001
167796 135378
5929 91430
156995 88376
121989 256027
75123 62593
186913 209675
247578 177243
198410 163448
118461 176895
129562 60013
245479 136862
53454 218255
125648 5906
97996 142642
224955 58173
85499 130608
193551 91429
222038 88402
179805 81883
82286 254929
144477 7055
202460 129911
184298 138726
31216 40615
53477 160778
100629 36812
35496 154083
255067 161145
159990 90920
41643 122801
149093 127142
253409 80500
218571 213303
168903 136233
33043 251189
129018 177520
258244 69334
45287 180398
208060 76503
221013 261537
237281 59498
36206 10634
213582 29129
171779 111428
120049 213422
234229 6998
78420 225495
87499 34848
176654 256402
171081 209697
245447 37955
125073 241547
107289 170361
159801 53205
246864 118670
52598 222002
178169 88804
232636 129607
117934 142271
241035 237983
93549 213120
244982 171969
176471 70337
206817 90982
64595 115754
38535 47898
153709 163609
27301 260998
71826 187102
52059 56546
43628 104658
16404 221797
193462 249040
89260 49252
129167 68151
25092 222716
19128 7930
132542 195599
78267 77215
24437 142862
192970 62973
190760 84535
226582 218061
83390 36264
143019 135449
92810 186647
240107 109215
146301 171426
96111 235561
220678 225279
41569 245770
185851 60697
253700 56249
256296 69823
133465 18590
212685 64291
81563 141301
148826 46001
97218 232216
82265 240237
105522 175075
164741 83485
22146 48898
254911 118258
22315 213446
81393 63884
197072 5100
124581 188629
61350 118734
258452 194815
137324 208994
259106 218887
88151 145788
2744 185370
115861 85009
163463 221383
260084 66060
42724 20087
114958 35492
138345 137274
248938 219738
201158 183866
224838 63596
110351 24044
182330 106660
218859 57510
53510 215821
14253 141661
99466 16997
64887 215327
102006 228351
174566 99946
32267 217290
120033 147226
252782 258378
22356 239576
215972 223514
161299 178667
24966 9506
202711 207296
116166 159427
2662 169676
113104 16915
49194 212570
33912 114081
165753 135918
80288 78175
235865 112556
33322 93754
259782 23960
89989 19994
1393 43817
243508 162692
222484 6331
172198 163052
213627 26221
60335 216290
195897 173439
233205 245091
123866 4974
97029 27475
140892 177317
105651 114613
27729 138973
208368 25367
162933 36213
45361 164326
80030 26726
64874 40371
33057 237073
203423 246684
1150 1614
200830 197047
175053 171892
179995 36775
176866 14880
64251 55614
192197 169902
170228 219927
46731 116452
245294 209664
152665 28512
111847 232695
55238 176721
10922 88295
151650 214345
72835 152800
215959 11522
87704 128869
183414 5555
165644 98136
20435 229895
153750 212632
137653 61834
170415 184384
178286 153566
131905 68807
182078 243752
39359 237316
158329 50281
63467 47836
2483 136302
200636 218442
147824 26196
85167 69094
31751 250812
167230 52186
218563 58837
2675 94073
120671 173090
16313 36814
64512 148218
105621 246590
129826 144980
221762 26012
195262 23085
73848 197745
159388 12340
154043 45068
38537 239211
114163 70288
227879 19249
122475 184298
78086 125150
16227 198758
36096 32541
235572 100609
180759 79049
85055 48442
224030 44674
74454 157148
67759 148302
92749 227147
160642 246792
10072 199179
223859 124235
7324 189594
143484 129799
111749 221571
254949 127976
158185 28901
160517 131613
129510 79133
210662 214566
127575 172548
259240 202029
67552 64855
88187 160301
29859 248829
144950 39931
185865 106665
164166 193189
34116 45506
60844 145865
4933 53649
11697 163118
82550 172215
32587 212061
251348 243250
164483 116779
153654 161579
56664 221207
226434 144851
119364 256293
131536 2170
34080 55257
108836 198246
248446 142952
243753 47146
26673 248686
100795 38370
149661 183346
210585 182248
133263 199789
163354 35602
54424 54865
197181 111088
13928 161471
255939 133292
155621 125332
135463 189701
180589 244299
125804 166892
125107 107413
214038 151780
93955 52690
190150 243616
236036 138592
163721 107155
76237 64931
142757 130662
119796 77794
241750 133724
239265 235546
4873 132742
98734 140336
