2401
584588 279323
384635 2021112
446215 247598
1079949 1970974
1185810 649616
1237232 1375960
1679665 686836
990264 270522
7559 17926
1908317 1198892
1197164 717394
490254 1701058
1899694 205231
1936604 69559
600118 200330
472039 1184706
479654 856674
1108666 925869
1104272 91463
799691 192930
741079 2036923
1568891 323592
626607 462003
594114 634166
479929 405280
1833058 1677093
1122674 226160
1281000 925216
431392 1120452
994776 1031510
1320783 1466815
119064 1800437
226338 1227730
629154 1330610
1319193 1428846
1523541 2060272
1368617 995280
286713 1995225
1457283 880827
532239 1937213
1286107 268146
1517154 311629
494306 701002
1236846 925698
1821455 134470
1957208 1045086
1601285 2076272
748371 1827623
1206850 1377525
1061082 428891
709219 487471
392012 2077837
1482751 678725
1975910 842882
1559552 410997
682943 748508
679143 102946
1060137 1173450
803948 199831
1996 528251
334301 1959205
1573337 1935587
1938325 224556
1666058 1048024
1602082 629988
1476915 214149
1117459 1868927
194834 503058
450500 73592
1345941 2010053
484590 2028884
661409 1163733
34678 1721546
240031 838627
1921378 242028
1366878 158527
104081 843064
2094114 2042406
1067620 1663021
993278 572550
195857 373042
786700 1313317
144817 981534
1816375 595318
1055127 1065164
508219 1539717
996897 1169628
606298 1031575
794022 846330
1870202 618248
1088358 1139929
776776 1192439
1982993 773738
1137693 953461
339607 33820
1526012 535465
406862 215560
1848782 551679
1197094 1568005
1146997 155069
536018 1655216
1694786 1532915
727692 203933
467338 1521715
1050263 240389
42811 41469
1380318 819587
1233908 1266159
1593326 274449
122468 1932933
308269 1648480
371246 715131
1864040 122876
1266811 963983
1690882 316656
1119052 129748
1971873 716687
1662663 602413
920620 32849
26976 1970883
273238 69788
2012352 1653556
889375 1149108
822563 385549
1423557 945032
221331 1731827
496360 592577
349806 263249
715454 1616617
1227232 309184
1933274 249132
438932 1807995
965819 4443
313256 1886439
37292 340233
1760170 310531
410021 1675370
1964087 1299396
727326 689499
1684946 53732
1634531 1906277
1785559 33739
401702 38213
296988 1117156
1654831 1524220
1426340 1490953
1773353 1865272
1201796 642020
1869715 1515052
431308 1907008
1855285 94326
120387 168154
1769697 2084474
1467551 399871
676821 1055345
453603 214200
864470 142010
247940 1266172
180224 544928
286177 1835055
2069149 1712517
1228856 1745350
1480638 333500
290218 1253201
1848552 721526
1063057 1606686
815853 1183444
1774840 488398
1170767 1145239
888269 1847588
103432 1341873
2061789 967902
1483883 212577
136923 1664107
757505 423100
1402010 729502
38465 533714
377700 1519103
867214 667919
675153 618615
1389445 1738210
128149 108146
824503 1902989
596544 1995270
951077 1484814
1745706 1054509
729535 1710343
2022412 116266
1922920 62183
1780374 583274
485283 1085232
1312776 523748
1618947 1690477
2042852 389009
261244 620853
1007624 1650689
261911 1135773
1758836 1086414
941611 258228
984532 1892688
1743042 633087
850045 375425
246278 775305
491692 72047
837488 174914
655321 1322771
1260146 1968097
1846520 781941
1561422 1792220
1170951 1822666
315921 81423
1376204 577832
1217197 1037888
1664247 61656
1296116 551627
1954344 942007
1184714 707237
1317432 1430993
1482543 1809124
1503040 222879
1984038 61209
1545651 1147033
2029306 1295019
1928974 1493577
990087 1002773
1219091 1306008
1084197 498143
1883840 204242
1536031 1450935
265898 734996
2002563 123090
1677003 1090125
830327 897283
423966 215718
609256 1927006
438598 496142
1988215 1984249
1643175 1920370
1182116 1474998
1316795 75051
380619 438734
1381059 1464816
936878 1167747
1669058 375757
521531 1934956
1110753 426942
2058046 690604
1517067 791222
1587888 1941034
1006940 99992
1770888 1445538
596134 1661952
1332635 142158
1485170 417599
1617156 704813
492650 1997775
1143547 1873709
1365440 2080425
944305 937346
359031 1465836
775151 1469784
1892778 736045
63237 1312693
1527267 1651125
1156575 437056
1751117 830312
1882594 250099
395112 1118078
392257 1880282
1535677 2009413
487943 2028328
1910037 1631490
1804885 1178325
1614764 652038
18519 1973795
20722 793670
1346427 1913500
1529716 1409664
1129042 959831
963637 188465
1396887 617602
1018777 1182330
867702 1413889
203256 1259959
1197019 1738933
1172221 1684962
1670109 985106
1219301 1377843
66279 736913
2029881 84798
613556 2050604
878469 1959983
1866952 311033
1272496 898842
1270864 138981
1087308 570600
756584 8933
1752930 1624286
1422823 1956186
787093 522690
1597967 1959314
110501 1170925
847268 1329802
451616 913547
2066715 384345
998346 583119
337797 1876815
445950 107598
90696 1718446
1006440 1361560
1857428 2093748
1932160 516860
5530 1587938
43994 1428353
1446972 831087
1951043 947788
693250 2061544
21561 1540518
1294194 473177
356914 1263757
857522 1355260
1846876 1195320
1134923 195675
1302918 1225619
1914121 212206
490027 1674397
208803 325036
94105 214333
1912974 138099
1642686 1262795
969187 1496577
113431 1662437
1460970 134992
1105803 658012
608169 1462717
1921770 1465691
720825 1671494
563859 1855748
1867169 1866777
984215 1684139
2078984 1474243
1261384 190635
1799279 1355490
404968 1615101
1493589 2047654
780744 365624
1447079 894175
2028061 810897
1029167 1036713
1468910 1637336
402278 1293528
1005876 1123104
867870 1569735
881700 637888
1339361 1865916
224875 1321193
1243007 1486259
1511828 945134
744597 1916796
463083 141035
1867298 1243828
506659 1217225
40851 437569
2028123 1070019
1474282 1399881
610203 1876560
596257 1616079
902512 1464127
1088663 1784213
4863 330872
1552977 229738
1652065 698832
1715998 1066741
1643966 363443
886385 9897
504478 656531
1253725 1011138
1873756 1294577
1448707 1804727
267444 825837
1107456 877647
605245 1703713
396575 1507758
1070689 1485238
1194819 1075552
1816110 650644
1305291 1371023
1349476 924137
340612 896290
1287580 1226997
906187 1792059
1883528 62761
706045 1660132
1357338 57600
1367708 1624782
883437 378012
405277 1488682
2081726 801852
899288 1055263
189938 2094107
33663 2006048
647599 1338954
1279919 1997075
165939 1620531
796213 1453520
750376 1702401
1148427 536752
1765162 1854472
99733 1025348
1912072 1467441
552978 698357
1845453 958255
89887 1830027
1760108 989176
788138 1950046
986131 821802
1858943 1633731
63604 1041710
1533654 229544
565090 232716
1683064 1315466
1935117 734339
1852219 1603127
491659 1951952
531323 306579
1322241 1084301
1004936 1070542
2042556 1094823
803418 1705512
2083999 1591556
1558407 972979
316206 1320198
509558 379811
264756 2043212
609355 829846
178776 195267
48161 16741
929606 1900380
1619868 1421265
1755180 54039
1727844 980269
1138340 635628
2050811 1083745
1730451 757077
692105 1717299
251482 153360
593126 567688
1473558 1102684
947499 1738315
1048744 1556854
471009 1227521
1752121 519170
1244262 584575
322398 766979
2005840 2077578
821018 1636532
960695 1959359
175008 914355
945952 1905460
1671432 1638057
1525607 1922914
1791418 21581
393451 1167824
1124265 1340950
808987 75857
800653 1279997
1303378 455622
1799167 450489
1040198 24414
1217468 948886
4840 2038486
488267 965536
1900693 663275
1879891 749493
471583 1454171
290399 1997190
1279934 2081817
2018771 1673385
1152489 1045884
917183 1961477
1121742 1717836
1144322 327968
76307 846337
778457 1116505
870751 1995925
2065391 875592
1937260 456506
1841128 1740801
1119782 1623867
393143 1591365
980886 683542
1491404 163668
668207 1413023
1837053 1820696
361756 657085
1685021 1483498
277769 732191
1811466 354076
1578529 492772
1470581 352128
391545 1438821
1227720 231653
1895327 971696
1972455 917957
498411 268446
412171 1479298
951988 1903575
1642966 1620195
1219446 1382868
1343739 1581202
2039953 931609
967548 220570
1663800 681863
574647 1145177
1174635 2045228
1497306 1566180
1386897 627874
1797834 1185073
1599571 1673137
5878 830
1941583 418049
1480128 796419
224472 1025943
319462 1443919
311659 1663201
927969 254460
497658 1895518
475030 64307
480229 1049677
1209484 1654864
997754 609638
1123892 287499
1237513 824574
1472572 739932
400559 1478451
740762 244990
1896500 123739
1041409 23821
1149682 1360871
1467740 1461341
926921 298557
1715801 1424579
96923 93679
1488886 577152
1143357 601219
134864 43959
1210857 1258757
331458 351218
2083331 1804031
1091150 386739
1185330 1831913
631729 984678
1955652 1673139
1008499 1008182
936858 379087
372371 1863779
677645 2088172
1191207 774568
84699 582941
1351721 1228056
1184160 1486585
1272015 297866
648190 1603474
649084 634370
1310353 1740235
1021109 398531
1474996 1652838
1383209 1333496
1228825 294557
244526 68532
673644 616897
1932311 1351289
607917 1026366
28706 692616
1609308 1380427
1920673 696316
769860 1095536
994182 1418051
601858 1643267
2052421 1912211
1286350 976378
213590 664194
532064 1596800
1997690 1760890
1891357 145064
1829422 467849
761961 1664581
1819139 1369878
593796 1847845
2062494 105952
1131120 1886015
802268 1900980
884400 1796451
1221879 1486258
1342566 1177148
1301318 531764
56374 1514908
1195958 588439
1014556 1096496
252177 808761
1241560 2081599
1276611 2003521
1649028 998598
1276247 145672
749291 1241589
251624 1880411
1030453 1053893
1684239 1914853
753192 808967
1303959 2095758
1986115 508125
530370 2042490
2023034 1726328
533777 940438
725672 785954
1749200 1967232
770401 928659
1873601 322277
1927257 1052696
467950 579396
197133 719574
362655 1227586
1773467 2046894
1045287 429507
758709 252095
428113 647673
760220 958483
593011 686102
587659 1126788
1626541 1313331
1912742 1278589
1183411 585991
110096 959860
908268 2037353
2012556 1376218
519597 112538
2095793 882252
1340124 1772108
831994 288260
104464 1590704
540355 532577
141225 1300575
1491061 734236
1986678 2078720
1861024 1516067
1294900 1676614
697504 381159
165453 807600
1341020 1073721
747801 1256424
352788 1267398
1368962 351429
52498 611935
26385 884492
900195 130849
378044 1440550
663427 519269
643973 57336
1253505 533499
38904 1017377
2049566 1333804
596839 649918
1714964 762292
1457518 958832
1836014 108167
118104 91650
1375565 1487067
443079 1428063
1850 469464
215404 902045
600314 593448
245443 1263741
1112718 889416
1321077 269071
1422916 1359981
1286449 1375330
596634 1883288
2025249 214446
548429 1385615
1173278 287291
1493783 1291382
378941 772196
681297 822020
103108 683147
1291484 318512
1585192 1891798
911960 1830635
1058387 2024678
622900 282312
196598 2045816
1642294 1483047
1323994 141776
1269183 1252091
356222 1817612
540555 1529500
7751 2034338
723730 386692
709382 1405028
1208712 812490
2088175 403045
1131002 1576216
197691 2042963
1309699 1256079
1970489 1932599
1538391 69935
1881263 1083533
1552982 1108106
1225309 725014
263045 1581531
445474 803600
1013879 453226
740786 1737610
839918 1450169
1045486 2048631
165507 1036509
354524 1296510
515573 552215
1242321 1825273
1808294 1115658
1660720 1249534
1185594 1444832
235915 641424
455786 1461225
1366438 718831
945604 1811913
1522432 1959484
167987 166066
1599942 1007905
1616235 548276
959384 1781743
1584785 1313908
981101 3207
1866124 126270
1828480 1577266
1241928 1392048
729648 330370
739728 965564
971795 1195514
329637 241081
1914346 1275241
2052994 1339626
1137573 123829
1505692 640363
1131735 1024776
1188639 2091119
709367 676273
1307876 1690468
679480 1076848
1816738 410808
556962 961514
1802856 1286611
1291885 445433
155023 166528
1640947 484660
407609 1458141
1759901 363452
700615 800323
487281 109156
1440686 1619016
1133932 532174
1612984 1843299
1208447 823708
1436615 1887927
1900556 1156201
201583 360366
20563 2004439
1646977 1312448
352720 1802000
1478976 1993668
189508 1886586
1354657 1949410
152886 2055273
652581 640167
67277 2093267
162032 1201209
528289 1775016
947356 1736736
501572 286819
1527511 304976
1443020 1729094
665342 1463583
1636382 215168
678880 1989102
2017168 60704
1885618 109525
1947290 1143124
2058935 3024
1101245 614364
643192 1168522
610479 805224
272579 1138769
483088 1219935
778353 984660
1506754 208713
1289636 852622
1937807 1954978
219053 1477037
72994 897933
1368988 2090163
958638 1157454
102536 808776
203426 64319
811801 1304671
678683 1454993
376041 1289162
163065 648620
330779 646153
1868555 1109133
1630813 1278157
1317846 823297
33627 1158501
681123 252681
538387 754118
1150614 1907375
747129 12100
967677 849665
820877 1171104
913984 1632678
378623 1592667
990519 754665
784677 1153584
1403285 1115457
1799737 1174689
127438 1333398
355694 1445284
59543 389322
506633 740666
642003 1045020
1494784 1792617
855243 144761
1804718 1822921
994426 528443
896873 1908410
63969 1275496
1403925 1054488
2030161 91451
110920 1336295
1206908 1910657
413832 1334346
1146903 769526
682478 1206446
1158848 1189111
1947112 1800851
136980 1344745
1496317 992223
1489506 1203883
717992 386781
1732326 1614865
198039 1796295
793210 1601965
753631 726219
1693416 864551
2062514 803172
678056 379194
40366 1824959
1148721 722844
934253 210417
1911955 784213
2011269 2048935
31806 1410434
944007 1521313
517165 1661999
1908094 152339
1179713 8981
1948634 1972923
1610946 605113
601990 1207210
1469664 567353
2010382 50568
946547 2050748
1875527 2095268
676440 712628
208534 491244
1496841 122651
443027 1528648
1533085 1387034
952809 2050250
951882 763751
105437 34443
772732 2054071
2007366 286527
562032 512204
1493737 2031696
1079557 1406968
2082264 2026105
1360564 1860639
2024221 2037005
476115 135603
431097 1972956
258254 874124
1404452 1791339
164007 260109
1744437 1115889
1023860 1849874
1150332 1796593
1806793 1060546
2083120 271673
1572750 1479705
206217 555156
789521 191329
484109 52934
2051968 411178
2089939 430931
546782 423884
306736 805036
1298008 1711188
499224 1462015
1971298 146509
480752 898006
1996384 1631084
597447 1706025
594478 583415
1977699 70077
2063121 86764
625233 755490
278094 1109342
808424 232910
1520520 801211
663842 2067302
1225095 970578
775187 425952
584614 1274411
1887967 458760
1420920 271568
1356767 1320152
1902652 1954214
929026 399979
440478 809573
470056 406447
896337 1095289
1161937 1174431
107479 1970362
1407342 1627999
674421 2071184
1598150 1899517
944610 276185
228317 1529224
1550596 19132
1987985 874364
290700 1247600
97365 96201
1104662 1026391
496180 1545140
1835964 966236
1951587 635149
2061525 1016373
1809581 71852
889583 1119771
1699851 1564004
1093803 1200849
1366369 2038413
1477034 1594686
1470485 930478
1613819 1361318
1804843 1904519
511766 1902208
2000720 1616429
831447 399748
1064417 570259
1365984 918853
1205408 1330357
1935226 917837
1402209 727657
2037608 1004909
194509 1034259
108606 1560879
975520 1585641
1058413 348854
418967 575080
1710172 126658
382448 124787
2028866 286016
1741216 763161
685765 708481
1333420 2051749
1627334 441677
1284955 1465408
1359514 590012
95913 1299971
1594921 290423
237078 1703528
1851302 1212599
1192017 812563
1561453 1610984
1387644 1174473
1737643 1770092
1299260 1669357
2056108 943324
335367 644721
1651806 1668787
599319 1181988
13312 1884274
550245 1372827
377134 646158
575646 1972056
936581 812724
1578432 690731
2025323 673297
1503295 1489624
187129 793787
566946 1924772
466727 1866206
1496978 425683
712379 1832345
1070405 267033
1403980 1669724
1449021 1417293
1456846 1999266
692968 1833980
548273 1268614
1708884 1484854
2081338 1190164
78434 2009510
1863461 1581729
1401982 2050591
278364 1968928
1878211 745091
1737983 1278037
1170774 353210
1013230 144027
620243 320059
1813751 2069264
1737352 1173445
1971379 333168
910274 422500
1601782 522006
1907354 1585968
1712171 1985788
1498326 1478480
1470365 803157
1431919 1748729
674933 1212979
396668 315764
393864 1567443
668974 1407095
1711470 1289217
1727154 1428070
1261330 1367354
504363 1135557
1700522 1414637
1558057 1205152
1936644 1368259
693968 1551663
1256896 95143
932991 630109
898300 267759
281687 1573233
1480738 678355
1888998 1874602
148646 460820
1184545 1860117
1750038 814547
1191035 914216
84749 1695398
2049773 1785271
1012884 1510678
893271 852376
781785 1587240
306887 2038681
1682383 1239878
571639 483531
1507637 853326
2056764 891223
1531681 1848610
668674 1680328
212279 1853219
1443293 1962317
570615 537176
779381 655364
135422 732002
343484 1148306
145528 1236755
2000682 927313
726843 210417
868843 312074
1450296 1440482
795605 860781
196656 755218
1752005 1728337
506676 323527
1311513 718955
79594 657654
584120 650209
1194830 1363501
1305574 1330253
2095503 1649058
381407 143879
788661 284938
1071193 1515505
495355 1940036
1827579 1945651
1283366 526033
709281 1480022
1281251 364134
1111207 1787927
687661 325569
409731 767255
983223 993851
1417465 80902
260201 625887
1411155 258552
177793 1792562
402432 966454
2077500 1473625
384807 475704
1316509 115235
324203 502723
641268 1033484
1982745 1922519
1397618 996800
1613294 2085279
1322369 2023025
755383 208441
919725 75696
289343 1179926
701583 1700498
1438478 879376
1395908 1840910
1845830 1376257
1217383 133486
1851961 436740
248721 79012
939463 889989
1112497 825056
715356 412963
1821857 231498
401091 1047074
157372 1156474
1255515 1077097
1232170 1544858
159871 1933753
1148204 1598349
715977 446961
1342108 464655
1823218 462339
598141 1578027
899080 846862
1657039 1838543
1736851 672384
566448 355055
1085348 291153
586554 1486439
1338227 743926
545761 496591
1821023 1777931
2041449 1980894
1614532 1092502
1482091 233357
1539463 727047
698012 1265529
1189387 1296154
746404 2088467
45864 306291
1829858 1782716
978676 299154
40619 2064024
590307 627173
1453311 1928535
1371099 1999072
327974 1094970
1679851 272271
978712 1197231
1364773 363652
1430588 807084
1090699 31448
2072613 182934
1327602 721865
174249 1373467
1028157 2004108
1059031 2006833
206110 1099650
1973705 796418
1726824 1329864
627801 1000771
1231784 955775
2095742 814483
1228046 977302
2011714 495668
1340954 1345150
1302752 334502
1376598 1278214
517436 607049
2000079 691686
1980516 931084
598642 942395
840765 804752
2042045 717318
1601170 1671717
2047182 131819
575337 1181814
1087594 573927
1996297 218489
1551229 1910859
714157 795032
1158857 2016909
1129534 438304
1197971 1646970
1045353 1100899
241504 928717
2031983 840146
1871112 775597
1644899 1816005
1492915 1148917
1390571 1442946
1280737 1965908
527608 271179
442683 426754
489668 1993912
240461 1203825
691792 1399319
1123583 1821326
1837623 224402
1371145 785824
1325301 1612649
1714541 1260133
355644 1488501
2035730 2000543
1207354 1431493
1052308 500773
777287 235893
369529 1304896
507073 812212
1731650 996741
708973 1972111
103415 1400765
1274278 1226998
1124940 1014749
1451400 398933
1800573 679550
2011582 1417962
1939683 270074
809311 1878261
173465 2016666
1212602 1225774
420287 1989890
1461667 789817
1197634 1968740
1602029 832132
868330 213850
707091 971745
1614616 1981370
101591 642404
898967 1552991
1041337 602389
135389 955767
2020351 2075072
1225842 732511
1856181 1399307
652025 971632
527929 1072312
864370 1989597
1862129 2062004
1861185 1367007
796984 632363
1580857 1504075
1604108 1098321
1388293 1705699
1740725 190109
1161539 684910
792498 1296928
1640678 715697
1274849 769368
1448208 1033878
71523 3081
2005510 599453
1075394 772728
491898 840371
737580 255931
110226 1534564
888295 1691084
941488 395251
692253 232629
3799 335827
422738 1165338
1020737 1215236
365114 564263
1930934 1639963
1333631 1281990
576690 1405155
1285072 485048
2004608 263314
1257777 399354
1103685 1995357
655285 1213912
1432770 1543580
807844 277106
1938832 1500097
509735 1942631
1835924 932474
1010817 759510
50558 1375931
1323773 1981492
918743 560253
1166331 1495433
1965408 354251
1980481 1872864
617565 1141106
175066 1721250
1039312 830351
838010 374930
276780 1645854
652036 118460
1048800 1161771
2061091 787572
2094245 974756
1547082 47652
253535 773704
2029144 1172278
1333957 1098323
570559 1202213
1452574 453889
977925 2070139
1594995 1152991
1694238 537155
1983342 435096
912085 162970
2080951 1564121
281430 1032599
628741 245369
1820171 625834
1220125 1270102
673486 1473661
2043806 605479
548787 1280611
1703802 1119347
385672 1059225
1573236 1363597
1032212 1071079
419436 629298
1608235 305626
1064395 423168
468597 1048194
1987290 750027
2080793 518879
995397 1803812
1144713 118370
976762 1818200
1592031 923416
326527 43667
106875 2030329
1163014 492547
992402 639098
1856144 2024615
1710177 178428
556761 1221260
484055 1621156
1644429 952652
572198 1534567
1702679 555839
2053446 600924
262500 1101007
719295 1239262
822055 214174
65527 1148582
257841 172402
1081760 1420855
664950 2074162
2059953 423942
2001625 1672979
602371 461235
797087 1086426
2082391 344364
2039078 557438
1878931 1644605
1113277 1835225
148378 1375777
839081 867673
517888 1661136
1081847 583415
712567 1339689
755817 1794327
663392 1420767
1771337 626194
1844710 1675811
202021 349929
39894 999108
1436355 25133
1343473 1378281
582571 1125252
925734 1695849
863326 1074112
974474 1702407
1941785 1492362
1266391 926481
2075777 1978958
169018 734443
1676133 832410
58058 1350319
1458604 1902768
928978 1660625
155545 968872
562582 1591900
994005 1906055
873029 1576577
934155 1798764
1175274 1797481
775724 52596
1402736 620358
1544959 571976
1546839 1523584
453782 1715857
160875 32764
451115 218934
1383083 1909720
24550 214909
1473193 180096
1183781 2035775
1771996 80634
1844678 547874
1657211 681682
249486 735333
382011 1025210
787930 1784748
1645568 235737
259572 1095255
1759321 713354
713960 1920197
746118 1165076
41979 32049
977644 66529
246958 353685
246625 1430739
292309 2018622
1511374 39835
469344 1071433
721517 718830
1806767 1103529
1744040 497545
791125 1292457
733282 1050697
290560 395451
1764051 1004521
218496 413018
72445 260475
445067 1050089
327005 692026
1403774 573630
25613 1696083
495100 1536987
1735919 964444
511269 360284
1683274 220884
1463813 1330163
718429 157786
525468 1451711
1208483 816028
1847162 875383
1820549 2065659
1288401 1892994
228982 1733468
845931 555987
328342 152554
1129618 353956
1848637 1624718
1890943 1487404
492011 305060
1847689 78133
525944 1214350
1408296 1244373
1372137 1933764
598932 483468
652641 348943
1358851 376038
317450 550100
171881 546432
186417 1017812
1102420 514759
1170366 134886
868715 921852
1759604 662507
312104 154463
967567 62641
232597 1493512
1276992 1640893
640733 551977
1477506 1239666
1035445 32995
1588609 297145
409033 1906059
847245 580914
355339 1033662
1598727 1457759
1548422 671941
1592645 319985
1593793 1255098
982492 1905898
1409561 1950060
1968539 1642158
1346420 1148379
1185900 1987153
1700356 566254
1129667 638650
599249 621124
935795 1008282
430031 1783040
1589197 785371
719551 1090772
145978 170821
1762713 1738624
490806 1259355
896570 1473299
1068101 208979
1326207 939488
1851138 575475
2087868 939886
465476 1691072
1506140 1595144
232570 8237
119116 1168365
1016519 549148
854254 508564
1334519 1573805
1599336 1480497
1744626 1264898
1121969 138280
427101 2018539
1611579 1495202
130367 840634
337538 1981505
1416109 328254
824239 1881586
2019327 233227
1379578 154745
241464 1498694
1323111 1257983
2047842 80213
1766548 1285209
1654018 1268732
668555 1301492
436478 1790524
1439772 863579
1711912 954200
261629 1842279
1794834 599168
1726632 1113792
927422 453719
898226 849597
686946 180652
1004343 928410
1679346 230302
89241 1630037
310515 1855789
818094 1964533
1027370 1486649
1168873 1463848
1180022 511493
230276 794782
1465693 491905
539909 1163376
1091073 169389
180016 2018496
623108 1078242
770941 1310054
1258894 1775284
141312 841088
2005586 230553
373973 218949
2086343 1192068
86330 1016561
581565 1255203
383257 1761587
1766697 613533
459217 1135238
1105439 999126
201462 99360
1168515 381478
20704 1791623
1459720 791646
1004525 621462
469778 1145837
1462551 378213
1376391 1836524
597162 1365582
931440 683493
284991 1513006
1938696 668248
1177441 1608241
1281782 1636659
646328 290069
538633 847790
389429 1707149
1229269 410134
1401620 591837
1201780 308994
1213300 1671558
1454831 578699
2049771 734070
318071 549782
2500 1249512
1233275 287491
665366 1074819
955740 1842807
585909 140370
1382314 1232237
430439 1920948
2080027 819868
1530945 1212144
1230002 835413
1803982 334630
1144407 920130
2006189 502087
1498829 1958808
1236157 1816900
411438 1238658
969260 1644713
1526149 1634626
622381 384737
1380282 1208290
525107 665444
343375 955546
489240 326250
1775415 2020185
1538395 908265
758447 1245225
1242896 1902854
68203 1151933
307789 1567032
1013589 1543947
1286780 1425028
685453 158889
972589 114450
1793515 1594970
499188 1076645
706108 1024295
1742090 1049483
1979842 134178
1375734 1658105
57212 816977
469218 815659
2062202 1712114
621361 33253
766895 929151
1600285 1780485
375946 789913
1108361 1061399
948802 2080950
1175849 645166
1578769 1675037
1721811 187725
602181 1366749
1237209 484871
1500928 515791
45824 1558140
1332768 515042
276647 1297818
130005 898008
1331071 896900
1827159 834204
580233 105953
1624117 1688594
1167352 475768
1672393 246050
1120934 1154010
1921087 745593
1341735 426116
15191 481792
910987 1516119
997583 956811
977107 233199
1471854 1253754
1531017 1601859
54610 764936
401607 1881770
1599140 981841
1987723 1126106
573283 1057924
1601874 148524
1303974 625656
1302534 1127909
1371249 547118
1554026 1386440
1028910 367861
805407 2026494
1324673 1782514
162541 699375
939116 1693559
204082 993727
361343 605689
778345 1960484
1587530 668916
989438 63662
1726840 494160
212186 933662
1119816 1514721
2061572 393913
2061839 1518446
1780354 993597
1886307 488609
922939 1113828
173972 1085481
1813203 1113088
681888 2017285
9663 1043231
525823 788008
906563 16201
1456925 1896001
79863 1086613
293009 292050
2020276 1412825
1806771 1984696
1806739 1771458
1405990 1489941
667903 1195145
1978550 1590843
211822 55370
579172 2025025
1168459 1261060
1945159 1178122
207139 373830
1966131 1113703
390031 1325904
912552 469895
315365 1205562
761945 238489
521235 471564
126033 230822
145870 1532023
1720763 813773
630017 1602162
307464 841839
1657532 886636
769712 728839
50544 617719
1906962 257684
991549 1775941
1371387 1381581
1004693 186787
1851476 1320058
1392349 516269
1558548 1913585
987833 1684581
47255 1133703
1119453 1768019
1947476 1749470
1273029 157789
494157 833409
1044425 1263869
1562249 1094970
1881589 1372059
1352654 775986
1050848 626889
60415 2055541
813676 1911891
1278447 108874
331008 739843
2022459 1318841
327273 2069714
355392 1446726
1740581 205717
1099044 916458
363506 1593201
1749868 1407931
759918 1214965
405749 544355
489872 1758403
1320342 1540720
288140 1380757
1499109 1101817
1195497 680404
1210691 1526505
1420248 1135998
748195 1747521
1108560 1103587
1097095 751990
1309304 98987
1668448 1672810
1692188 1321164
983590 354954
438977 1389339
899310 928849
1050591 122500
372417 1338731
1503257 1871526
343396 601602
454779 1554087
30956 1875027
592933 779151
1525396 1701494
1882738 525339
356332 1094891
624326 2024780
670549 219362
1248793 1654139
574316 1687770
946327 1473626
519468 1996918
1596126 891885
1238497 1002232
666260 1581894
1603834 1121039
1038829 1634790
898914 1631763
316789 327158
1236105 102376
852497 1592437
1197267 1476823
1520065 1867816
1696185 671706
1424804 173349
262325 273979
1646976 781793
173745 1145950
1673678 1412242
51030 242786
896984 1654865
1363825 1935814
1192503 165587
1470425 1509293
492745 609378
1611669 1345242
104663 711784
724913 1624728
482448 323946
199283 1907252
497296 461608
84079 47120
1243401 257824
1193070 819927
1670067 1244101
1062714 469899
801814 329387
308561 1994317
494975 1778986
1406458 987720
291212 920975
235811 395875
1632759 960724
2020604 18056
1284671 122735
1925308 1781967
584343 2009388
1829087 1827744
170060 925005
550519 1840127
71954 1613233
212875 873768
1942621 521436
770934 340444
203271 80240
1328164 494483
1001216 1563975
890359 536823
427548 813811
554879 1712219
936546 383036
1397034 1520889
295272 1128969
1251481 465332
2053974 1802000
208308 28777
1318082 421183
902545 1163551
942619 1673479
1503995 1145890
1753720 735007
1640374 657784
201831 433581
1194607 629379
1247392 1749487
244446 86786
35371 1641480
1607675 330643
673297 762004
795975 630119
466852 1004283
658896 1784934
1425466 1561442
851333 270934
1137769 258176
1416824 794337
993184 960046
1452121 1195015
1393627 549577
1824394 543867
201912 2068840
630653 237283
1613168 141176
567926 189313
903180 1363901
819432 1370033
271033 1478329
1057815 1696499
942619 1909149
1967433 2080388
70173 1287106
777574 1063357
150000 132543
161220 1543628
682120 1985614
2087495 884032
1957302 620997
1121315 1473318
762173 1689241
1662631 1665354
955991 384912
938235 1227024
1863241 1996050
826371 708708
1808047 696653
691944 1878221
1983759 1469518
844426 36607
1602062 1005647
1580235 187030
894109 1570579
1071063 754260
94424 95226
130426 856597
1784468 1793058
424799 643307
80818 1363034
1870331 1944059
1261933 599550
555615 972828
1296203 1247559
753897 1182810
619926 1598324
1219418 124836
506819 702501
311866 1400928
175928 1382929
58036 270352
1478156 188463
1126950 1165472
1981521 1551749
1808779 2062339
817632 1581958
1909246 2079565
84356 367709
955241 1380560
1615268 1709139
466218 138042
1210311 1685636
262878 1717130
290986 574745
1020906 466914
1957674 1078943
737267 1338678
1267406 1864217
406998 1151775
1318814 118625
1116962 39294
1700583 929056
21707 1784940
1296765 976949
1068348 814881
588936 1534566
952924 1799247
1123051 1215802
1419225 1414037
1790547 342979
1880951 1651070
1421922 521066
892596 592176
288131 1299595
1743951 1606946
1418220 763761
1646240 1021652
1692817 1667948
709440 892430
547745 1777788
1707312 1136681
1215202 563084
838776 241101
1778886 160849
1655138 1472282
503828 1438938
1026200 1925751
1960004 1918796
420775 150984
1121239 67575
1757930 442308
831336 1307018
1463960 427002
877814 76248
1319432 1425559
1854036 929592
465088 972086
1492676 1303864
1213188 1174411
1464713 771174
549541 1968542
112960 1575741
1797141 2072965
1397385 120764
126797 421473
188339 1884727
863781 1019676
1094593 230589
1446678 1972408
306837 668958
1300815 63721
1598551 1765904
1035807 994075
972616 151843
71334 340178
923018 620875
211568 1035978
99464 2008709
1011791 1496850
32321 1138588
1918323 220661
926163 684952
1240337 2020757
915541 589863
1896013 1222378
1258821 1099676
1286099 760220
768428 224754
1754296 1741045
376598 1825630
2081223 1299616
349354 195639
238442 448818
107196 1250234
1945668 139517
291670 1766839
360178 1217834
354639 1600515
1141439 1270180
93226 940300
395406 1352048
2039976 1681505
15116 711253
1906260 1769412
355146 185706
1497891 339217
1485322 1847245
534856 1723764
198911 642052
876846 47428
781569 1168517
1814267 1141748
289199 71755
645111 1430638
1341935 738338
273786 1737342
2090386 216610
1321695 8350
927863 1130803
1777763 1283009
1316509 1178502
1622226 704679
928595 59930
331292 1127506
701982 1208138
1174934 1483552
279503 892050
528148 568702
963805 1173259
1999340 208588
1911597 175974
1945930 1904831
392585 1170474
1913182 1320448
204125 1593793
506306 1520635
675143 31380
128162 1603738
91311 459454
634092 793293
1667593 1809027
179693 1947096
603925 707841
418647 1567730
1881101 320835
1776318 1695546
496810 1625097
1503226 889395
698419 1319256
112691 902544
815897 618997
326027 1491040
650378 454190
997626 741689
913644 1631718
1534982 484085
1343593 1714676
334030 1947518
325365 752677
1418096 109314
1073512 1097263
1804861 1570322
625208 1210935
362565 1323627
433039 475257
129019 1248936
1094254 455047
642824 1744632
909237 1640450
389169 1822881
1175016 1924152
209815 421458
1541676 543845
271824 1867041
1296522 1689921
1976356 272882
690032 1684065
1843205 1315240
797848 108618
541715 1230887
583875 670734
382671 1678130
1125781 1025495
1325610 2035018
568793 1714780
1760748 1743809
1541780 1970563
68115 986304
417256 339940
756193 1713778
2029861 635397
1986660 622741
222310 1732713
1937981 1020158
1841332 382544
153893 328055
1053278 536564
2006185 81908
1562059 1234644
19774 33700
852272 1780522
1777510 296900
1653933 1845625
1283204 2071189
88413 2039397
1687815 21122
577643 1577324
643863 799953
1212885 484692
1820112 957065
867236 1974005
1285121 1920515
413418 1194154
2002423 1975477
331646 2022197
2009178 1183918
1705568 1689536
1480818 1262349
1438009 666870
1236387 1526423
609116 827050
1547545 1186759
307222 94257
1986712 1520108
578949 1709672
380021 1446186
1586526 1665142
1269549 1999944
762145 1174820
1878269 1093791
1099865 1790295
180558 708281
1382679 1661376
1970631 723537
231095 1109866
152808 840211
1936916 1700353
2026970 146987
1794610 1916530
1667095 276408
1529051 2047116
1722594 1018425
1615107 894991
921217 280100
2069811 702334
1373891 1072524
395478 1554449
1780806 1778157
1118674 1654285
404542 1349769
666999 557350
92828 506763
160552 22646
653750 1955162
1939176 223693
134418 1371075
173658 1857012
292348 1788765
654851 1213565
2068865 627510
1915900 1345604
1700035 214226
802902 1383689
1992383 1921576
940822 299774
1174193 1607821
857124 1267021
17432 1017676
1289667 671183
875687 1131691
894876 1010105
405615 1068534
769966 697963
760147 1424817
1911529 731860
2052328 1730277
2077465 1655211
1944503 783215
941748 1839734
607639 1882570
42356 1781832
1393239 899481
951701 1410671
1917157 144216
2081854 695692
1275907 879579
1705798 1681522
1948113 378612
282334 611109
1803429 96711
1342969 1758605
1826988 1323282
1316664 1674339
9345 161260
1416921 616984
2043830 1459278
301664 1339917
261607 1253365
653437 81612
1397581 638139
777305 576337
1517718 385951
160707 1368680
764563 443041
1979789 470840
539752 1225606
132294 269588
451737 1448958
1943927 461082
1610219 1263697
1078067 1556897
625823 1379731
799663 887430
535945 1453100
969042 1933526
2091239 1746347
412711 1511806
35146 573419
783334 799709
1016460 665971
1270550 1556213
1891577 1402844
1825801 246162
754650 1672577
707245 267717
839122 1785312
1824615 1464945
1067891 527126
255223 1603836
1980226 1224265
1440211 1974313
873461 1852922
1388967 908607
329189 75149
1708317 1345650
741120 881715
804711 535546
187407 533360
781708 942057
108785 1488953
1209775 947907
1177113 937238
315700 147853
1464364 570923
1751689 1347438
1795189 1094748
1224599 571498
850519 516415
1480105 1179708
591564 1091270
428206 1332685
1972985 1232917
1868231 63240
1766278 552787
1005298 1875063
2041741 117921
725819 1121702
1055159 1041519
1269555 422371
1612443 924093
1769809 1310480
2018841 897256
1881978 772208
1413671 1264931
1951917 2005236
259050 282971
1240769 134883
1515889 1011848
198124 1185015
1564635 1203422
962926 1509224
1321343 1688745
533775 279350
633113 1803330
701721 148404
630271 374378
1458884 551961
1271634 1243710
1324169 588154
411489 1178934
496238 670539
1461906 1737007
805423 880643
651703 1003547
2065658 119186
109817 931432
1628411 1431160
523026 65034
1710510 1156139
1868364 315079
1304543 401484
689457 666275
953445 1961091
1909985 180462
452093 224322
1359397 948331
894862 724151
588186 1700285
1604794 1239889
606680 1573300
1359076 716497
407580 890335
50505 930606
955369 1761015
2086745 726581
2076094 1294136
1128065 668399
1960411 2081510
532338 1773244
164821 984432
1997567 1524218
1932763 795277
151217 423798
398410 1756011
1663687 1005090
1232159 925611
1721587 1639739
1815946 1772092
473194 674163
1435955 462787
1400745 1414897
1756924 431658
2083296 1620183
416017 518482
1296276 580838
1502914 1196691
7904 1338526
1991968 159121
1762324 293226
1915132 1328859
1298316 1050139
157319 922751
592726 1973265
597691 1065920
550277 2033646
1528708 1951022
1351391 1188480
285528 1337535
711511 701545
1856017 2007787
1282383 1261780
1107326 1290287
503154 1002142
1449408 168326
1295368 1267388
1497185 496532
220375 1654504
1419283 813102
1530618 2016974
1879022 2080895
1953468 1310578
1934765 1207707
401906 123141
448090 1113418
824687 206956
1024053 9918
1468736 34228
1300206 1971890
1036370 652462
43064 234587
1919851 1540249
731119 43074
1097602 53251
856176 531068
2070225 638047
514811 1926542
1948625 352424
1037097 253380
475565 1485188
1366798 1300252
1692144 293699
1310171 1063728
327927 513225
938466 1364298
1165687 981530
1598885 988386
424627 232852
1031461 1522229
286103 1887637
2053297 259177
