4096
2525684 6762412
4282871 10765766
11309140 9514272
13116298 5493250
6805156 10288792
502046 10594452
10582491 3909369
13755332 8813267
6519746 14693798
12274717 7685434
3092416 5484994
4479516 11905652
12009302 1316673
15525033 10198254
11592919 2898267
2068823 14118603
9660679 6351694
8107153 4192604
15865966 4446235
9685854 5893907
14735027 10187900
16488359 8540303
14097270 13466476
576354 3839800
11383058 12851071
11525234 14475475
1558849 16004751
9603911 13568151
544208 8351728
6989189 12137127
11249995 9058012
9478515 4133459
15409706 808452
8326063 14498457
5254688 1234701
3615148 3212499
11422601 3326291
11752802 8742655
15551 12329156
12582456 11398610
8403011 7330474
9096869 9961860
6558009 1923564
6752796 7102218
10275292 13741985
2462129 4748072
6022782 11940644
8881531 4655272
12749097 430378
2376513 1226569
1665079 5991661
4439068 13087680
9317953 16191871
5053120 9333504
11743811 858360
3954898 3369607
8188834 13051767
13331467 14746844
14975331 3307047
5071846 8473408
271817 7533975
13221480 6294599
2697404 5325795
10949871 15446501
5756173 13326385
16673070 7421252
2540830 4334922
3731716 11858783
3749577 8784836
4415072 15493389
9643196 8369970
2085780 1054815
4644522 15417247
15801659 2842637
1947079 4096289
11316045 2218896
11630264 7760309
8513495 14327668
13086104 2686150
12996953 2065061
16012535 12892807
9486313 1776150
450514 13218030
13634933 4200091
5225650 1272789
2916264 14868847
9642760 5002044
15923662 14287282
3642076 14948105
352703 5589155
2267178 11668749
7808051 13897442
2651842 16321546
11447895 15737947
2230480 7667632
1025792 1465800
3783224 10512106
3241950 4233738
6952920 99667
8433829 12178570
1372457 11350094
10270201 11015217
16352138 9416647
8525283 3216998
7587536 8877986
8806153 9854714
3769519 16614204
6974941 6421362
16158534 1645620
5382093 1611799
9313252 6407885
3077599 13096476
142775 6319549
552998 7095695
6419216 8986828
2497050 7791673
3559706 12767251
2029674 3134628
5406683 10554957
6351627 12994219
2655728 15157780
6071718 6425247
14994769 13046659
12846609 14376087
14692279 1451486
15987886 7228315
7859372 2288269
3547576 8002147
8607818 4100574
15097843 15027035
13087402 817677
6041492 16647108
13584928 8071167
3004521 2214395
1848908 9356148
15208615 4504636
7736712 4503117
10929884 5954265
772560 6999277
3553137 15464839
8450764 2763807
5915938 16310136
5052077 9463514
7535067 13659895
13564089 5855694
11909714 9874275
6673371 1173991
9744168 3481084
9245158 12748689
5695479 11094066
5327621 4126878
15598703 13064333
8629995 9751371
2241383 9402555
16750648 5794520
8090178 8424196
8558327 14006117
7957116 13610404
6692415 15492184
10493084 3479288
4570662 5625582
13353564 11244034
6799573 6320516
14725118 16044731
2291989 3643381
10361582 7619610
7770260 9183069
3906727 16400255
2157224 6148110
9025595 2130656
11942630 338557
10554853 3723742
14344674 1734753
556930 4259874
449721 11050014
7739162 5020384
16675597 4315510
16264418 6697954
10636026 14212320
5965470 12928015
1078485 16327052
3770409 8848745
8732905 7677137
8471785 10890129
13825247 720164
13020785 8990662
1058721 6798422
12714404 15403396
8533176 13271334
2886054 8982897
7544133 10625216
14003281 7442514
14940727 13490483
14140468 8799537
10925587 3328722
4950337 12004073
2878558 8720746
4075602 11611463
16397883 12547387
5724376 13445915
13267551 1967946
5659361 14326273
8766368 1596549
12952453 522328
14867883 15838507
9505226 5634800
9686507 6731291
13077314 7850018
3444559 10440567
16649556 14370146
13769289 4822677
9597003 16647848
13543423 13672606
11482095 13164091
9442777 429256
9832790 5933113
2397202 15492151
3482170 11163570
311484 16434623
11685899 15179367
15495914 4413909
4036952 8405205
11145200 337050
16255224 14589759
10777617 16127564
12182690 7769691
4173025 5002477
7640323 939232
1897867 2345202
14103323 11340645
2774458 7158897
496542 5171660
5873832 3978712
16335231 6185316
3636119 11243914
4587468 2354817
15657823 8624420
10760022 10025807
8961470 10238030
7838351 2961872
9588378 3243825
10731563 13761403
8246302 1594670
14700636 10144170
3939872 12026743
4707599 6714331
2408425 5204141
11885991 8282257
9182853 11444006
14467574 12818972
5910704 2277826
15173789 4791311
10902246 9156595
14817119 3086500
2617410 5878254
6048372 12205788
9122079 2719
9189976 591165
1597389 7113396
10735335 5537262
2362923 15442934
12251593 4771348
3869859 7360368
13053606 13052712
2027159 10743964
9094468 7937863
13021790 7491041
12729175 7146820
16647637 10769078
10233320 2487831
16647332 16281693
14693619 8992195
16284412 7106379
9583360 1104586
14219775 3541480
6641848 16582699
2207198 2116225
4576831 6077058
9476593 853221
2352554 11503752
11597185 11447023
2664400 7841759
2160848 15393575
14988579 2031269
9385437 8444684
4519100 9255553
7949161 2435504
1470532 7456357
9541883 11053892
8560943 6984443
14595372 15202791
6789926 25355
541800 11366757
6102413 10018394
12219979 8454967
4744930 7039948
3124774 7409330
14881708 5285623
6025689 13093071
7316892 15411126
4760539 11835993
7889463 12709700
14271497 9359995
3388842 7036164
3636672 11949785
14020607 1454828
10375361 4033317
1480183 10917161
15400075 7582596
4158339 10842838
16037564 8903270
1105570 2385122
16312600 15987278
7670745 5561074
12303134 14987638
4194984 286457
10046415 12084448
12996158 7540696
4667227 16385000
14576860 8303899
11557569 11820252
9758728 5155714
15853569 11238911
16072876 14476428
2044292 3453999
8542050 1304640
12357269 9647621
3689762 11892654
8857683 11360508
676512 4383601
9570930 4871496
4670059 2840129
178728 889001
10380825 4845956
496785 8180469
13149855 12054354
3223505 6131367
432853 2299859
593063 16505729
16776287 2637355
3182512 8541122
3941995 15539782
1411527 7631757
10655220 10269210
2215049 11331732
14652812 11785979
16203228 2545655
14626108 16381957
3434656 8229717
4450697 3931441
16410187 823336
15985795 2856476
6954704 16418648
5156335 7547767
16147161 5155407
10185122 2552458
13696529 14127117
1315024 15108056
4981658 11970244
8600050 7196708
6524760 6475646
2205471 5950772
9021301 54364
5555513 12455957
8284081 10006210
16387398 7917052
10829547 15595978
10773529 1007035
15237410 15929864
8554802 14607356
4308055 1962708
382598 1227368
16089825 1697622
16335424 4294267
13667866 8158259
11490975 3415410
14633905 13696447
9366182 6877991
13750811 14921696
2556732 5257676
8150690 2166915
13174729 2203021
985677 7171042
3210056 16223087
6323690 11764858
14053227 10631746
13727566 14435825
11859114 13040175
16133447 11417323
557227 13024097
2798366 12048202
16439507 655055
8967433 9028474
7533046 5941028
7172954 10089779
11198705 15323644
12256694 7596218
749450 13242371
14767260 3959506
12688242 4313734
15724365 9964254
14945480 12674715
7622863 10027379
8937675 6979095
4667486 9494902
3225976 7465852
4765888 2888268
8120907 13733322
11916742 15653954
2897134 2312480
8966517 14095839
858908 4445995
4914841 1608358
911150 2904885
5567865 13599392
7218620 4515014
6786430 5386884
412513 14409294
15414263 9350188
4611173 3304533
2067874 7837149
10770385 6833763
10725417 2114077
3789869 5864943
990815 6687003
8177423 9957332
4005627 9036332
14403327 8920468
10644690 15314477
11825354 16212555
12136653 2266758
3950353 2145868
7653642 4362867
16555162 6290690
13713055 4389119
9595223 15780930
12226268 3588393
5837477 6174470
5702470 9627346
12039413 6693285
16314349 3439621
16650617 3542760
12475953 14276728
12463229 6343427
12813989 7511367
5778767 8173426
9778125 9729120
10319294 654551
14091987 10097240
6945241 11027827
14486359 16540465
10031541 9935412
3351642 15869018
16109882 9054112
8719148 11372079
15747397 8256281
14811700 15620798
11799042 10510437
13120310 7485055
76649 9157083
14996422 5855416
553293 7997331
15584536 10872588
8651882 12899308
4192612 15597124
7149919 1901756
15360373 404244
11837168 1934799
16273262 11169834
10988911 8215194
5764697 9959092
16471475 3799182
8802674 11493301
14309619 5145768
2201140 14386268
14302851 420346
3464468 14856144
8417677 2271789
8951516 292344
15171097 13144129
15889468 5543800
15045885 14472625
5948044 10105837
16407424 5444090
4498455 10619119
13659284 10263152
3800995 13353543
14062334 12603669
8069629 11594738
972221 10270769
9203790 15275072
10691116 12668259
13354000 2331577
14940048 5528301
2623921 13333929
1895214 1736173
2100513 163883
16208798 8048557
10269720 15839006
13492647 14768175
9680909 10374715
8254111 13481904
6951042 5539230
9308357 15020671
356752 10280578
8514225 9560542
8778434 2428125
5451585 5355219
4759702 3614417
10883520 7383624
171130 12778734
9119797 2271643
12942617 8551380
10320200 6435121
7613170 7035631
4426080 516864
633130 12680191
13998768 7584173
1442205 6529910
5827628 1798957
33272 14341853
11359500 8811707
16769978 33869
14166926 4752465
3648287 8273230
12136089 3819417
4274748 4478670
6091061 440149
13030050 16411261
6875270 3866005
6669677 11301350
4382869 7302807
7204325 1604421
14886980 8646531
8134331 3937393
10445488 8167604
1502030 5027772
202095 1494793
5061642 14369021
6247258 8709929
5865035 1606131
12529346 10139783
6084801 1843191
10579932 2337636
1477237 677986
6203641 8146914
11979336 10586510
15449721 2406445
12190931 13559486
11052976 3548047
719663 4721249
11715651 2221693
9749021 11917746
3716486 14810663
9509551 9963744
6743376 15374586
11569875 2495507
8737153 877461
4338698 2539869
3215097 5815935
3217855 9418738
13962849 15197191
3228032 12635355
826420 15418963
9417625 11879397
2189794 10137288
16600646 13905445
12358981 9572451
9045975 16075468
7605899 1778310
9261996 14349275
375680 4054656
67566 9112833
4932117 4406265
11652702 8147214
10222200 14870557
788736 7407834
13290532 4016768
3265973 14116953
2658515 12683598
9219134 4848310
6043670 9042564
1976539 1625435
1837799 11022515
923687 9443698
12800825 10185684
7015758 13176506
14240340 7083324
5512123 2395241
11489589 387610
10542455 4934574
15258167 11331191
12342408 11771484
15347959 15608381
9111221 1229258
11514763 1553139
6077568 781217
10595703 8054108
2406652 12433502
2299407 3330340
5099985 15100232
13516024 12115743
11499522 10979148
2421851 234430
13374389 13911441
622040 7139628
2068799 15880207
1693603 14411207
10874475 264346
13242372 3208480
1493604 7979919
4761619 7571173
8761136 15357322
15625281 11167788
11013609 1147472
14498128 16113594
16247704 11236936
11452121 10970011
5438868 13873972
11204441 2036041
11008197 11826481
9175669 13076996
10929472 10869272
10710987 5026732
11133618 7176143
8235212 12627223
15156062 12996832
3421180 7139982
11576938 2269245
1530555 5813331
3416717 16028683
5149709 2887205
10488404 16601830
13857216 15927272
13698587 8284441
1186098 7929568
3333706 10361767
4229349 14263179
4453824 14940336
2512695 15587442
5339264 10747907
11437449 3718110
6967523 14858629
10858093 1767246
350658 12388648
7580577 3767375
11640115 12730287
6654581 5351303
12554901 3734581
4501360 9476272
12019023 5687458
628625 15352729
16049225 4857974
12838692 3725833
3021094 15351387
2536060 8360358
9322079 13973509
12078469 16289602
12054923 6159346
1279632 12405581
1770778 8860210
16172957 13410893
4813281 6050322
1984981 590966
9784903 6486341
10067239 5026710
12173799 10695864
3602224 11445808
15553838 16440916
15171642 1797716
15015088 930486
10158075 7559951
14903995 5459328
7072337 10181702
11618674 8351970
5810068 13389452
434964 5205809
10023129 5248245
11256131 12008110
5839211 4263818
1717235 15906450
9290529 13891034
9825098 12892753
8559627 8601720
12556453 6954053
10399437 10794325
7884539 3780296
1577060 6011318
9239624 8649398
16193021 4081082
224152 5225873
693318 659116
10431682 10716447
5907361 4910597
5947342 11746572
9174415 7664577
10875807 1687728
4778396 3923689
14580481 13338023
12525410 10359719
3514860 6147631
4376828 11399399
9927927 5953889
633501 2390335
14603287 49306
6471417 14827439
5275179 7164735
15486555 15706861
1103966 4616700
3840242 7051308
16363272 13014658
14715886 10461863
14702386 2717066
14385553 12505652
16055089 10133747
6088155 2792733
16281378 10464983
14192132 9432089
16418872 14825633
11822424 14244943
14874940 1516625
12295166 3372903
8681360 11004505
2302549 9785326
15621205 6142791
59419 15207262
2380233 14775305
8891909 305404
715155 6500246
12811056 16770244
16633993 2121995
2785761 16138155
12586978 200677
8793028 12228635
15026310 3838236
9696362 13124034
5354861 5214313
16496938 14036221
16218818 2022271
7044332 15062808
8165062 7103751
13492854 10545296
5101840 5607547
10850700 5816995
12107794 6884540
5810023 11964571
9006535 8595784
11325511 4816297
8796461 3341323
267716 7045555
7179560 9964079
3392374 12534421
15178392 3112096
9793427 14619994
5134367 60543
12905586 13299429
7164294 9621224
7067509 12266134
15228772 1140993
1305913 10559350
8025533 7115936
5746705 254852
15711720 295000
5071150 7730965
3636324 5338866
14776520 10815884
15302945 1391678
6573089 13704121
4503774 16366516
11546900 9638141
16427059 7675270
6160355 6814137
519279 13227864
2303055 15748051
14368858 3608968
9530185 5617175
10724904 15276890
5872028 9659408
15571891 10943178
613157 2430999
16282044 15389678
13246883 14807774
4140 3042756
11734679 4507915
2632057 6504363
14146056 2281900
14179634 3529195
9096038 14698913
16757060 11399093
13669748 14348702
15008062 6422717
3188661 8955750
4922391 9060689
1837943 3717066
3226651 2451100
6148065 2731480
1063562 2617732
762038 1067703
5660489 12496717
5575618 8292546
2223865 2944458
10574446 16403499
6473654 2893268
14325196 6453498
14292362 11217728
4024984 12523208
863229 7213645
4701742 5785620
16274335 6539685
9502687 2723770
8990786 15650752
5455250 10054348
1491269 6217288
11122051 7151758
1936790 16697669
15444304 4160655
2864912 9241534
3786938 9338566
12134803 1334918
15792064 9649949
12552646 3039832
5395941 13415875
10253477 10097683
2424279 9750596
16637369 11926966
12474367 8850939
10800503 1152401
2128071 12291772
7369690 13250123
2666314 9306480
13170576 1333402
13467135 16035488
10574936 476857
8596838 5932523
1811775 7611686
15582472 14364421
10651518 4201197
11003080 4127780
14298881 13427359
13878376 14159034
8577110 9575527
6232757 2600397
10727929 8360828
14892169 1320403
4833735 781267
10626883 1227096
2114669 7316802
485368 12689605
7793659 9082207
1844913 9605434
16693893 650169
7192639 10568196
4851367 1418503
14695976 2373032
14845862 11797136
16532066 6645756
4595448 5987607
9246153 15323377
14348435 7361106
16643780 2404955
8142373 10493447
3632051 10257042
1033033 4117419
6169432 8826692
13199626 8014345
1654910 13116304
8664514 8847549
6907284 13515881
10266052 4826044
15888913 8334698
16623180 15643763
14980455 4441412
4854154 7449392
2987573 2425374
14810499 2854137
4830329 6175656
13347584 8462380
16432699 14380617
12579799 5824915
6430093 9002210
13839260 8085003
5341298 5726558
155336 12248582
2465224 10421388
297410 1576921
1978871 143374
443469 182110
4584787 5297623
7631502 7572360
7722997 5664785
10426498 12553326
11840442 6996866
4238490 11495925
4600268 41074
543624 11030361
9043284 14382884
2338149 14384582
3332226 2493485
9855948 5797450
12914874 10153358
7374372 14893745
10296732 7817841
15075855 14881519
13115464 5930141
5676664 4061246
11594927 16103162
16614572 6658153
6322812 4075847
1376862 10923080
4116921 1920486
5176226 13160205
16303370 7514375
10767571 2858380
10007860 3846303
8655831 6145518
13999661 16030203
4262047 7519177
7070828 2560686
5623481 3409076
8490828 11300145
7470322 3308539
10626091 7307679
9966692 171687
11383526 11343554
11094768 15500447
13264040 16270994
11883436 12790194
7008153 5873791
15648574 238797
9720094 7527189
6384316 6942539
6780176 10646363
14461716 13851004
13207050 3307981
482865 4920662
14608126 7953187
8229201 8457001
15260866 1418677
8628689 9867176
12762231 2946241
8590407 9249055
2440019 3696627
5262033 9448172
9570418 4133391
9686969 2513296
11660581 16071285
9455835 1663541
9940433 7140336
15514546 6370267
10448317 15997411
11290929 8279228
7173382 2742914
16736229 5657033
4161591 8587702
15524209 146606
11533943 7337401
9395661 13973962
11034028 14657694
6644918 3827231
2013869 16331888
6340527 13674450
15625957 15796363
15337992 8789174
6159483 14075322
15159441 16607800
13295517 9673154
8109812 3691683
12416068 8068826
9348716 16577659
16656528 8095710
16724265 11413256
15433111 9342710
8610002 9689923
7223188 15254921
13517154 9237058
14809593 3080466
6134292 13658334
2099613 4695068
5670293 8259096
1993174 4052518
8089680 15288691
13725673 16199493
2203159 9364525
7491103 11551875
9164969 7370415
2870369 9112018
2006455 1526264
1677513 10616458
11216188 8900701
9094163 7956126
1360543 7126540
11036592 7494836
4007658 13136205
12189904 9677951
4618085 14183079
13730470 12707766
12694554 10678927
12130043 14897713
3266236 2843930
9672373 12431205
10214345 12542742
4766008 12220801
14069007 6443521
6060043 8507979
15344222 15154206
16464105 16704766
5503530 10723482
7422386 9511188
7082471 2835074
2411924 11700557
240937 16142394
7631107 12935492
10044105 2983934
11055989 13310341
5827864 3951146
8964331 16042209
16493889 13730339
11485794 13785680
3396644 768621
5516443 1963650
15922827 5203332
1891200 4649141
15926814 9313586
14160330 6232070
12148661 16572254
1155411 12389598
15937432 8786518
8547874 9204321
11770452 2826648
5737446 821100
6777794 14701777
86093 6494467
11654900 11571888
3502931 15051544
12340509 9019374
237979 11486121
14222707 2129179
16135262 13372305
11442766 13518376
2827159 6814211
13313414 3982570
2426593 12473630
12769088 10974468
4900735 7762324
13801116 10638182
8583424 3801694
8562743 8669518
10296162 3440428
3464190 13799093
1714756 15804699
6041252 1952735
10513604 3486743
4081915 9871651
81832 15524681
6612811 2908992
5561676 3149010
6891562 7988269
15622640 2883435
2185521 3746160
10645759 15986637
14384342 2451968
3011116 6169869
11121486 13307278
9610297 14585676
10329155 11325054
13613159 16370407
13277789 7349548
3079934 582488
443983 3161767
16107169 7056794
6070759 4891629
10205804 12962321
12879899 9051229
15845756 15065420
12797389 9714300
14274842 10404515
12166268 508742
16574384 6510538
13816020 9407466
4318998 7367959
3955304 1154941
6961151 455877
8504489 10041085
1038366 8948472
13202852 368319
16005267 2496395
5259949 9433855
15458717 1362632
1707868 14527257
16428052 14505257
7464341 13925678
8132556 2853393
14434420 7929725
9363931 11473224
559975 13682929
2063968 4515279
14837871 9025119
4971156 6565144
2288988 6009522
15513617 15491841
6377842 14741668
1211020 11637791
7398307 16669737
13000423 9106176
14419779 12651259
6834217 5106904
9799722 14966774
7960298 7456926
6119283 547013
2152935 6679258
14229943 4216903
11194537 12290598
13242022 16165693
2078526 15531010
5398000 814927
14245635 11775842
15556595 15456656
6636417 6177687
15349177 2859624
15283863 12991740
15510883 5340864
1321429 8533389
3530422 9281727
15990316 9649705
9828740 1366035
16328963 7281467
5582938 10746284
2794849 2047744
10134762 4873376
801538 15532762
5688303 15047174
10531388 4467683
13726614 390589
10645370 12298575
3250213 9152017
8513100 1983880
14492881 9834529
10517270 1246088
2339040 9730370
10895793 12167780
11096405 10447541
2672032 16679343
4416609 5466881
1949871 14551371
10340257 2751409
13306917 16028561
1021367 7061089
3719028 14747981
7451678 14364398
10269341 10701891
6739199 2005225
12685772 4454864
11839754 6425826
5700952 14178794
16156196 16596746
9569358 10475385
10267071 12241390
10377512 14683680
931056 12327383
12457836 11271313
15078792 8987537
10522658 16100160
16048627 14241686
14070925 6723089
11828868 7563050
647765 1790851
9568275 13333537
6245716 4630813
2982147 11946668
2032391 2361127
11766198 11601750
12836512 5256053
7065924 6436808
3162518 7996980
1986975 15620354
2491078 288551
7830675 13013736
16388711 7102086
10478207 13682421
13825176 5529859
4468255 14472941
7320711 14036531
11029262 13566427
1890128 14011409
8735879 3922520
16372536 3724862
15524270 12431832
8980915 5812978
2091424 12143433
13809959 4078399
10986571 16301037
4366950 2040031
12537557 3978446
9142117 6238548
883651 6190077
11768408 5351906
3885802 2311903
2611221 14915064
15878330 4501350
12149257 7836993
8423870 11744577
11561855 7170924
7399193 3765555
12983902 9490617
15908988 10016645
13569016 10118344
9540466 1158751
12158375 5300808
5137197 4523276
11539356 6020848
10713354 6530548
11372754 14599156
8842451 13983976
12737005 7943565
1708110 8109046
15780559 10131980
3076408 10565198
525688 10475601
14330753 13509590
3189003 13462526
6749020 16758019
6803654 16289486
1139554 2184813
4813078 6276751
6708089 16352435
12297599 644227
6105767 6893138
15243384 14948219
4099898 11203173
6114568 5808008
2535003 5117911
15939988 5611411
15683110 16465676
16087013 13236647
13198050 2498800
9921957 3169854
2479603 16725611
2682125 3619158
2133208 7495203
9895909 8841298
7070422 5416293
9485525 13176190
12309431 7951693
11347193 16409329
2377650 684545
5440121 4912654
5802457 4602893
10524065 4708351
4291353 9833862
1167782 712187
12332662 11089740
3882042 14812266
11038135 6564167
1654208 13171344
14059370 11550117
5235426 4352577
189194 14720951
751551 12498625
5895429 12098744
12130738 8273079
12783289 793643
13185733 1808530
5396536 6932583
6516881 9687889
16766445 7684664
10400077 12321892
1997188 14282119
10356942 13035323
4069070 12011150
9429451 1351224
6784051 14664877
5703801 6973246
12608613 6455352
2694655 1726826
1776880 14825394
9999905 14560170
15619037 6408423
16368700 4238358
13341006 6108366
13926247 13330235
13793030 7549108
8874911 15790218
5054011 2454637
12048325 9123081
14465787 4700561
10474306 4472623
2588222 16178107
11445869 15196835
5856244 14140524
146445 7633124
12188702 10146351
5416078 11030524
16554774 5007563
15268882 13118564
11115929 12417913
9671583 8131743
3189806 1769279
7144745 8243817
4223916 2415854
589683 1912488
7116415 11063989
6385111 9704638
10464880 1053764
8124257 16321124
15194288 8270703
7177033 10605775
1639838 12593111
4859083 1417396
823458 3350749
14535960 11939387
15768662 7430327
3293914 2181252
9199606 10438659
10425070 13423523
12854514 11014753
15336011 3193713
5301526 4943906
12898351 15766406
5997670 4245393
15310315 4414742
12516096 5710132
15020517 14155934
1526027 3102384
15573330 2349486
6453133 13332074
14288873 5444580
3985185 805572
7625832 13184792
11244231 1273686
9831099 7321529
12288439 8389894
10515243 812749
13333800 6636378
16579156 2554254
10881771 15112255
6968996 6620651
4045171 5212298
3999369 5571198
8314682 2795483
7920684 14767816
16127557 5432342
3435180 3335527
6237914 11061012
16520319 704929
12334699 9574202
8026459 7845922
1186880 1764486
8658672 14520680
8400864 8460612
297718 2505420
6795651 7266714
9126071 10840822
12479012 13125441
16412020 4016479
15920924 7555489
2007079 15271266
12987831 5442259
1829577 2448529
16503271 1572680
3153458 12060754
11146882 11179917
3129461 12333762
12944403 11788133
10077226 4568052
3471529 10374944
7073472 10267180
864442 16199543
4330786 13343455
12547768 3965590
582718 11691477
11521079 2589797
10185527 7731694
8032056 12015104
10180223 7758111
13587784 13333682
3041650 7957450
7736383 6171111
3513996 3903571
1182028 13591222
8471623 4653557
7188950 15545095
14920737 8053392
14967422 2474307
4619631 10737975
6439897 5202349
5652236 1183761
7792146 15837763
8915455 15824202
11075651 2318463
6805098 7886219
15652145 9846748
15843669 6611312
16017859 2580449
10514883 422671
16171671 2209290
5076228 6583405
977169 3219749
14636797 15944592
5694056 2479213
9905351 12133953
7681562 15557587
13317714 15473709
14618134 5455954
14520695 8916569
7774417 4548577
25572 6649346
14395325 15869241
13260658 13635968
1672474 6998326
14058639 1066929
9207616 2357651
7650334 10184786
5577400 5509915
9352162 11271456
7989128 2480297
6628194 15670691
1260668 3168692
14367184 15878802
8624646 12110663
8018155 16399063
16659241 8043727
6271193 14277350
7135752 2754636
11136103 8808226
9752962 8417526
9875155 2183362
10775178 748273
12368148 16352578
6258188 4943094
10846819 14247317
7423391 697797
13140792 8684059
3866489 10730760
7785645 12491136
6064207 15803800
12112983 5946232
7070311 1606961
3446367 14206063
4361597 14582470
6237073 14114559
6222780 16112228
16297921 220742
83285 11888854
16573321 6341474
54732 10642924
3811575 7478124
11340721 175151
16162183 15207210
10905911 7170613
10921130 192902
6197197 6256898
6139135 13267509
7863859 9585502
10696356 12225456
7390756 156214
9562799 13613536
16268442 9083504
13834279 16351728
4195142 13630384
5915986 4249875
7496092 9727561
11727999 2059597
9902712 11112966
489591 4031407
1506363 11410722
4224309 7703561
890404 10363444
4193854 8754263
3171730 14890210
4202503 10562486
15046424 13765302
7398807 14537651
6071590 4455870
14112163 10266733
1309038 3250933
14516608 8805130
12978494 9467391
10864727 6103990
3803141 11354318
10135397 5309505
5987824 14359706
13013066 6878228
7945935 429704
15632491 11117665
15319914 3057778
4902936 13589123
45864 12301743
11349558 6117455
16757613 8684505
16384188 1289435
11935438 14123580
10094565 8136716
6813755 4182076
14240706 10616896
15536394 7598887
15926401 4747003
5181377 12162251
11625231 13127312
12591955 10480507
7467762 11134654
13538285 12370698
7946561 13584150
7895225 2518903
2924389 7875622
11203408 2531361
9165057 6361630
16654941 2482406
14498346 6691480
6664482 11961836
531160 5423660
2783507 16457562
10170663 7964884
11842597 5018679
4314981 7657337
15499186 11782743
2014775 12260255
7376225 9961336
9067189 15271450
12480239 11991578
6369856 6906431
14522939 15534913
13268061 14400664
1240103 10989191
4314928 7904585
6173811 4846089
13328245 8957318
4526435 6721693
144986 16369032
11740372 4459967
7249153 10462342
16242710 9263928
5945381 6841719
2448048 15012571
5335953 14928287
10226933 11705809
5057502 7972657
10463506 1548347
5596105 11703609
12537538 9911034
2830978 1934133
14757123 16159224
10891451 2506342
6103701 11036438
2098158 1066857
15496405 9347312
11529199 14961900
1834024 697364
5026403 4282073
15709935 10362357
2433144 9159653
5290950 7490647
355094 15754457
9038994 5951199
10680850 4799317
15862233 13511829
6733450 13842140
12893837 847686
16348482 2220322
11884124 1669425
3287179 10603313
11016737 14816378
8787997 12850761
15513742 13814401
355618 14446462
7399542 2788763
6828899 12690492
10279410 7183993
11667733 2541188
13135192 5571368
7340505 12220210
2305981 14073956
9285134 15199818
14921642 8856401
642924 10028550
10525826 3930103
3854647 4765347
1969265 12642645
838892 705791
9679830 1194511
15152253 302156
3983274 5203936
12992648 14262684
12387929 7883166
26656 8745906
13454534 7367162
4188900 15760515
4663902 13474034
14183117 2808328
5553219 14826041
12836878 16079045
1978928 16691525
4067176 3948193
12556954 4906069
4653984 5459568
6100580 3029022
5761724 10083854
8232958 1977157
7569322 3843672
9860323 7595978
12589578 6537641
14963140 1262
5520940 2849826
13475296 2926841
5658154 2251300
975666 1717816
1553129 2954594
1632126 5620306
6902787 14189080
10526375 11556771
2871433 16626955
14585793 8633157
9933593 6041536
10610314 725699
9885208 3693421
8321677 5697570
10231062 6507602
5698832 15752002
9357428 2396912
1901627 15015583
4648212 2877293
16733399 6201342
5831887 1588309
11821648 12734674
15777390 5570807
7514230 1871607
5420546 5322807
10504764 15354139
11364343 4337863
16079838 4472335
8031284 7624299
10169905 1485131
14131901 15868737
459917 6712114
1488434 2361545
4950481 6136646
5238838 4906664
12337988 11070726
6494974 7382420
7028184 5495148
12953227 14542414
7366755 1596557
3088006 1094303
173480 14452349
5432166 16253318
2147469 13463451
7100402 12317374
14948582 4455087
11408896 15408499
11167201 12897330
992828 16117682
2256760 6231667
4247131 14594749
525177 10742105
5199953 7553361
16237253 1375965
5318560 6826792
2972522 8406566
7921095 3146003
6081699 13353262
2622105 8229168
10039497 9722507
3769327 8210863
14177595 15178223
6842146 8567580
11298337 7834975
7908047 13555097
14066642 12155178
11372630 14591819
6120067 16572584
5367964 5580104
1171333 10686524
12406896 4143855
2315874 3550775
7289858 8397574
126821 9911964
16626742 10166318
2857255 3618853
1599965 257634
2019860 8442112
8825215 13318197
16277087 16733262
10096079 13566513
12111224 4691493
11381116 1454075
4486861 16749080
7034179 5658194
10658389 2663859
9802050 12974263
6214634 314692
4594621 6341456
10226656 4444148
16507774 13083912
8063001 1330524
13341546 10082862
9772636 5389545
6623843 9272507
5345591 16719922
6061804 679599
4634200 665704
2133674 9121061
637568 9167853
14779256 11295957
11831712 7804090
7493005 1269131
8118782 12087626
7610587 1568223
16531774 7341145
14652135 7817560
8671669 11216465
1123206 1667089
16606011 7747049
10939596 5174386
7689756 224184
5853986 12323956
889888 7987660
4667801 1527457
378298 2669841
12823414 12210010
10473931 3539203
13479141 1815498
15626830 4312512
3383721 15381388
11653658 1258640
6421732 3548111
12475105 7544938
5215201 12303900
15291988 16154797
701071 6204528
16378982 6555057
1751268 491654
14542717 6419069
2019111 14921015
9088911 14842526
10353810 2785626
1604513 7055735
4601124 454127
11368248 7984845
15835516 6244690
9243485 5480032
9792801 4941375
13024971 15008002
468059 11539743
14385584 1169130
967055 13987350
7724187 2718323
14479004 5489689
9137392 16498116
3633488 1449087
14563426 13987298
4234714 16167939
4265818 8835838
16622067 15634066
43468 15680367
5101540 9286953
4383183 14894341
14228328 630938
13125128 14696388
12170681 10733496
15865518 13137736
7943630 6812490
15856059 5645418
12302179 8216236
5366318 15935667
9665323 3152528
13145750 13900037
2543252 634352
5958660 2388103
16268418 6002128
1291254 4592742
15289081 5674437
2709867 12740194
6305376 15834995
10659366 1698841
9791275 9747668
14836578 957689
16560158 13915421
6603108 12085121
5354441 11969426
11243573 15019765
15121955 7612107
12142586 887991
8246459 1324030
3276094 7737661
7326158 4567348
12330403 5838024
10241785 15040270
1801002 16547161
14098050 12460368
1468787 7112109
5430820 16305365
8069799 5213763
13443570 14672907
521668 2020796
9865117 11765241
263345 8209856
2600132 12405931
9097847 10846591
13729962 12373941
1807036 4278904
164073 14137439
10116928 10405859
12400494 11917930
10175804 9721328
7601082 11644591
56221 13031903
11172740 8126020
1468450 7839095
6021711 1990118
9859891 15886829
13755360 10123236
7319469 16355492
5751951 16417317
10424868 2704697
12014042 12231904
6983602 12178116
9592128 323314
5806759 5215406
12241245 15982563
14936734 3065111
10849939 14992955
16097014 5245463
6341760 788248
13084558 12363471
2778367 6167233
11473084 16533727
16290469 2015338
16112003 5265205
1655439 9759655
7969902 13669481
5214344 14953504
9070381 14806472
15276819 14877140
3244662 10740848
14082488 1404180
13805959 8155211
16397135 13125758
13400674 5961679
13914006 9708017
1547935 16692373
15875250 13021019
16448884 15388504
15036357 15783672
3876493 16691796
8766111 11846395
13584062 13980455
10022684 5877227
12009711 8522287
3977152 15254373
2485919 1282424
16658553 16291878
9437635 16278473
12640420 6061093
5462936 9777211
15769110 7010871
9692368 14867145
3254675 9364037
13478433 1513816
8370493 577710
1428397 359388
12424105 15012459
14339844 5669573
4112470 9572339
14191860 8089622
8049497 16677779
9372046 7930834
16192442 2032465
7432091 12055646
8093559 12895028
5055641 7085453
3128683 14748010
5175382 6383358
7334831 1876599
7897175 15705324
2454309 9325572
16064712 14878415
7560815 13627340
3770772 11673285
6422464 1185417
2985692 14471961
1085980 12357738
5625579 501206
14390204 13057671
12556853 5706547
9175483 835278
12792000 12304166
15583288 1190167
1910309 6140903
3066766 9807484
5069011 5521076
2355840 4356508
3622275 9916655
1206632 7393047
4812724 7629096
8578464 7798416
5323841 9664445
3378939 10949421
10165651 991927
7229876 5945288
6698474 16405359
6780567 2713258
11932309 5586639
3903425 13842618
11727543 6970192
6872886 19338
12491268 9228726
4375846 16113543
2368165 5582479
6729374 7180890
13211575 15307839
14979306 1758201
8195068 1581029
12707622 1583503
2572956 3160282
7528792 9271430
2788425 14309359
11984689 14720734
3118782 15888114
11786137 14846325
6081090 1881807
14865664 1795142
11110534 2464294
1131469 13478699
8046773 7860844
3882373 4481133
6391467 2084464
6239334 14586535
3665493 2169740
16170038 6238450
5330022 6921614
15509880 8118447
4453757 10717353
6061965 7572540
9828252 1070886
5641649 15909342
2952694 3730097
927269 14063228
6194392 2058738
10764711 14241165
9919582 14647085
1945082 16311049
16731549 8184416
14120368 3619826
10354156 13513191
9858276 15684178
3657589 8590941
7025409 8111347
2531078 13087375
15683887 12359330
14158261 4548320
11491457 333739
8278418 12418726
14396967 14472810
14477464 8384463
11936759 7619831
6254332 13881842
7153664 6208665
5289042 4496817
9828491 15643199
1232792 2909552
14550161 4890381
11500493 4798355
13001728 14031571
1108514 11908399
9613686 15266775
16456720 4327927
15600515 7957922
16746653 13220266
5653516 14446901
4827513 813059
5289516 11081845
14694901 12443181
513294 3206728
162782 10341786
2072711 1395574
13251338 16622872
6285955 7974615
4644011 2510468
5228970 5752525
14418867 14842656
4242085 14098371
2393367 3065384
5279077 2362804
16285650 10932593
32490 4335948
11745653 5322006
15417793 9663338
987971 15931088
12870066 1150753
9495658 14942777
2546327 5969780
14788434 8832283
13944395 2655229
11342751 2396149
8407755 8984402
461590 12649840
6305558 2854957
15715224 11584635
5217762 15223658
5740013 5250252
2782390 708450
10572258 1422968
10371788 11560230
576840 6464639
12710983 10072498
4630200 15257311
16042278 2641418
7312378 13209457
5296648 1877913
15605606 13704403
10862315 16067196
9577027 390657
2144938 8515035
11975293 7362700
6961477 938090
12612952 9743868
1646540 6407994
11166836 12018328
1191008 11743676
1705751 13901992
5038958 6335952
12382087 4304020
8977370 2917249
736261 14274018
4795162 16341867
11201205 15657477
15631848 4001016
16048135 999570
12516051 11246212
8362270 2700313
12184302 4198006
12444181 13830842
10606000 6833801
9071954 11797009
1800261 10777706
8921785 6839219
336442 4526656
11143239 9313812
7443905 11879500
6810615 12239067
11444151 1234604
11119328 10298783
5235621 10390247
11298353 974456
4859243 2883407
3674769 266329
7081413 16118950
14097171 910198
6175535 6391910
12707207 7975796
392400 4851776
14815015 728842
9378432 9181038
10042654 45121
4283322 76053
12284188 15727474
1310658 6626300
9249041 6546279
239332 3770179
7520735 5098575
6653586 11195505
5364905 13735000
10537239 2684860
14645198 16712775
9076770 10575189
7911355 9469170
15426965 5949155
10198012 8028181
15130193 3463451
8073302 2636300
3539504 3580274
1586558 4850162
10206574 10835599
11396441 10445906
14605778 2139961
15544482 4482149
13335466 4132171
1439933 7095489
6817031 16085131
7031048 15893802
9883104 14942404
8585756 8532853
4114343 2006553
16561034 2467320
5470004 7857120
5103620 9009508
11437394 6690178
13859671 4866752
748562 8478896
15312659 15354340
10618857 14079925
3059273 7177107
1434880 4499206
14272597 8251911
3807121 4526429
7368497 13690225
2691617 15954254
5445862 6805960
1183591 5229680
9273281 6653595
13086800 14376901
15663103 7746978
4289864 12745558
12613731 5038426
4447239 11149174
3615550 15066096
8451883 6674824
5465988 9886763
11174030 2961369
1361458 14981152
7487798 8729956
11894161 10179416
7906994 562808
208160 9090585
5792488 9481441
15744180 2102073
7081127 14630067
9849051 11370991
10598410 5685566
16409417 15045649
57524 3247751
13334529 8509407
9922575 2023301
1618954 4319390
4984670 2980413
2523326 12472469
11710369 14417487
5874669 2840147
14980295 6082829
11930732 3995568
15564271 10897696
6097641 5868182
8750547 15946692
461957 2571741
4855043 94158
840174 4912567
3341909 14174704
13421975 13264485
16198005 15040929
806659 4405460
1244126 3329985
100713 12954495
970256 5975382
15794642 15950552
12058211 10948158
3168904 10845266
5068638 9266545
16713448 13819186
8436021 398189
16390927 13291064
492347 453886
1426416 3834257
14628590 14848391
321526 14049379
13112104 1128185
1677623 14356231
4458170 1778336
10533510 5428426
7753718 9550937
4601762 3034714
3721879 7770666
13879980 8790518
259995 13816213
5832488 8696017
14214402 5446199
5209865 14706750
5900085 6636281
1763791 3751459
4707456 2085317
1023623 1042345
3213502 2701246
15398576 7671672
4479583 9154870
13100098 12233301
1928591 924645
15268015 5650471
8695311 12370780
14440989 8955307
9409777 3496261
874108 6846963
8942460 6083973
4776497 14842546
12720255 6540288
1816789 650495
8625605 2840412
1692840 11839107
5541659 314200
2733563 10021242
9469071 15833662
5477327 11397662
16758307 3968127
270917 8676402
16338907 14711906
854493 8971468
1430951 1728601
15818431 10373412
7812575 3817713
8438742 3755614
10358001 10255531
4406109 2206391
13095944 6098950
14045498 1860387
6413150 1846
11881629 15882221
15835508 581740
10502668 15816599
4549867 10773585
7715785 4111558
8708276 8570279
13083026 10139227
10298880 12124242
3735423 1334239
15941955 12174165
5089853 9522740
5652481 9495963
11729131 1971209
15594913 8997414
3831596 5230847
8999260 15713225
4335853 8057552
16294965 14838521
7096935 4067617
8834890 14812720
8179175 765950
6605783 4484986
10905178 127448
16609228 14640601
1461687 15773967
10037551 6551541
8519491 15690032
16047504 3471407
884025 14865201
12468821 4715621
3318832 4690865
3651630 7654685
12748417 3169379
5715990 3068136
7236996 14550881
1103640 15416172
15316831 7709424
3123942 9444793
7836872 2955954
7308179 9298559
1952705 568514
15850100 10472196
16258546 15120388
13943603 365355
13208373 9635208
5080976 16527206
14326073 8732606
7404675 10297274
11901985 13120666
13365410 2361766
10894331 14469051
1000722 9433946
5401259 4124664
2101524 13238131
7080618 9409703
5759474 9033323
9978217 4832359
2728303 9459547
3175531 16671907
9824902 16383905
9529899 14905878
16133895 7078757
6861268 6761354
598815 1986037
3104804 13964226
4347803 13999135
11656061 5348525
6655866 280104
9473189 8757390
13518235 16553807
1389877 2500493
8809914 11368094
7332852 11538218
4050425 10508384
11432909 13875327
10115073 4185592
12003989 9471752
11264349 2088041
16233106 11863165
4074078 2560695
9050175 8421882
16559830 3929020
13770407 6438480
4209124 6466381
15195870 950143
6242972 16585747
3450636 15052887
11176625 10783489
9813889 15227050
4514657 4469582
12325161 14629730
8655174 7551934
7324266 3142308
9639975 6780156
15005473 13714054
9340851 7278432
5358720 9123466
11207452 2351911
15561946 15416576
8818292 13980601
16366719 15061265
13789132 3040139
13336936 8188542
13823628 6373609
6638376 1561069
10843191 2186322
16190799 2721149
9738256 6737849
5863457 2601016
13518006 4091714
16315070 6081641
11370146 4896574
15205107 5800382
7248485 13989838
4439742 16066778
11193223 4029245
14350827 8205139
7069385 10910547
16393681 4115797
506940 6254842
5676867 11350131
8441164 5090450
14071280 1402204
11828300 3157522
4003220 8569090
7249236 3541074
14650731 1842167
8437648 13078623
7642549 15686134
10291245 12082292
14975696 4707252
16111537 12549307
12912391 6403706
6682638 12528857
10519504 7189578
2006483 16196371
1762493 10447647
4509605 15833773
11849851 16337905
2214079 15853072
8129779 9463316
2616930 6003295
11305483 11054579
2304702 2170816
9963497 12595947
14253108 8161977
525983 13587430
3934068 13438374
3213920 10616706
9190015 13733424
1029068 11196498
13152579 2791561
4866929 884969
1848118 16716781
445658 4062198
15792637 8575438
13525514 1632351
14578733 8053781
12686930 106219
10224597 5873211
12702166 7700490
14035188 13228149
4510704 1192040
9889307 7724624
11808746 2302107
4680833 12837814
13498605 1056196
15629375 1588319
1941165 700278
1527884 2386824
4762476 543305
10962262 1510774
2175656 8763779
9564555 14862587
8869998 3011936
3958582 4794948
10712426 1216555
1245881 15223130
2408595 11135188
6170539 14217342
13437295 10851372
10277940 10158685
11907568 9130100
11747004 13848734
9830378 13274888
16235558 14592854
13818193 10420604
16103628 15993849
2407167 8890967
14079220 11277165
11902903 1260587
16072113 5838114
2477142 540778
4284028 4885737
11675966 10454567
2325863 8336046
4528723 12603804
1717515 16436292
4956688 13464519
13507810 14787066
9962191 12966152
12602704 7003168
6609540 11929116
6219801 9016707
4042867 3521806
3516656 15945770
4782393 2811553
5006668 7259535
3352331 9290697
12145272 15028297
2968048 14471136
6587127 7496772
10297724 8304642
7155848 15254412
4991945 3886442
13264262 14954136
75378 9089750
5180088 6684918
4241650 11399890
15701625 8284517
14921696 2441065
7453071 2926873
5252618 12459740
10186408 8604949
4973221 5554464
6856030 7941269
3248384 13443158
15438041 13546108
4970584 5816673
12023304 9962530
9703115 8510350
8139450 9778493
822884 13319539
16463411 5064534
7942213 15387820
13349051 6086693
1051669 4024907
9013566 6304287
16484647 2422758
14909236 4680652
7977222 4988051
12621921 11225607
1653993 11282747
7994499 6624577
322204 3240588
16587107 10025320
11750938 7949342
3026597 12573823
4491665 2712793
861141 12433878
1323397 14210193
1743355 2375067
1457884 10756921
8679354 1165315
13179679 6811375
5845967 4379685
11799426 1690672
15605292 13453419
12973419 6822576
3300780 13295624
10063164 3110672
6543728 5036886
11060014 9570325
833493 15551679
12283118 1694635
11208341 13606516
15904828 12951696
15981583 585496
6931401 7883721
1750811 3333864
14695096 7596778
7713549 9717306
9287450 6541626
6393509 5483654
13364202 9694290
2002062 6650150
12804962 8545790
11687036 7087760
1338899 12520530
5862223 13622018
14215165 293348
10451318 13342777
13245044 9655685
13928273 3399229
762190 15679084
6733093 15457287
6498646 14446642
8397377 15786096
4211052 14790887
4492534 798038
7707961 6494596
7448188 3735707
15040386 2358009
10823467 16379286
14878539 16685690
13224088 12316488
201822 6898190
8882049 13446866
16553875 6033106
68879 538849
4934974 6801972
15996136 11433620
4471398 7616298
10442500 8682451
5629969 14935035
9480489 13337930
4652415 151462
296421 2915586
2509471 11119888
2517656 610794
11028362 15741744
12927282 11230184
5862718 5032115
7899834 5639377
11065221 7968713
6178226 16000195
14770685 5397147
10656599 2464867
13013445 4321883
11147318 1866198
2479702 3850592
15204128 7132118
4002054 15500549
10047704 6511525
9843221 12565360
7122319 4094367
11529888 3272385
15324551 615390
8304500 6447169
6254767 2592505
14415882 12432993
1815484 12409351
1052924 12472083
14874218 14066369
16750 9244321
15932567 2496453
13094913 14359479
9628571 319751
13082812 2899059
6831276 6148817
15464419 13953595
10243184 10217091
448764 8790519
10832481 8753264
15237688 310032
11345769 12876354
12743025 13161253
8508489 13795950
8856120 6605492
11085103 8872870
15849813 10240455
11369323 12167510
7822718 4220678
12487261 4128315
7119737 2541321
10277132 5806940
16494916 3743101
16024031 166464
12533620 10079296
8919728 10994093
10389328 3488281
7093231 6355138
16649534 15601721
3373872 8728438
5429997 14458975
824092 4502594
7922214 12193416
16670104 15744933
16414094 12380149
3096032 6756616
14921470 13373164
12563556 14639170
339049 11810372
14805634 12872670
5112452 6948146
7089547 15501781
10436427 14182778
5079703 10308745
13007283 8453575
2259967 1660064
6135334 3084059
6162658 14057549
15277475 6055546
13025266 14914354
1658479 16121298
4893754 16579949
12717246 680094
14441903 13056296
12490466 12470321
9151750 825703
2641251 16241297
16327484 13077678
13646859 4629971
6609207 9876927
13083546 8869174
11536991 2441664
11953234 922434
16499213 10453493
6977980 12747263
8590631 8636460
12091345 13484385
8439193 8031376
14164480 6103881
4310456 9877730
1796986 13462206
10703433 4438238
12926287 10253701
738700 9795930
14883672 7347908
2895641 11190002
16217082 14432633
13631667 11393100
15355067 13353664
5069378 5555831
9323712 13660009
14192291 4637841
10367179 5854269
12669217 7754443
11958150 202457
854957 13755136
13664663 11558391
1416158 9813734
5034876 2154859
2832449 3141333
9502767 5728090
14331335 8942633
3383507 11185786
3558518 1961358
7762235 8627896
7517190 308731
5510689 4932265
4946572 15877868
10786534 838574
6855095 5967468
1041031 7710053
2945389 14705695
2491228 4361547
7742213 7526104
6516406 10574662
10667437 16019173
16302753 8221557
8184591 2909044
2630127 11743109
4870403 10392362
3593789 12387593
10701093 9104478
542642 15647666
8205131 11329177
16486240 15060226
519429 750055
5993063 3464818
15455750 8484291
7826366 6420748
16010396 14342772
218194 9900617
13584730 16520947
1344958 4992105
2652776 3975086
16735214 7523179
14367448 3551787
3133556 8291326
12656265 3676198
7161776 4084180
15005375 6870800
2367191 15524805
7620855 8360254
2212407 6299390
67330 10038773
12720138 16077726
7604330 12938332
9201127 4411844
12682064 10546086
9403949 15334840
14521172 9361947
6080803 12111404
12913734 9214359
3625514 8792783
12890557 10787290
12876964 11118717
880874 15244155
9866306 8501730
6827193 12078713
14801120 6894523
5340271 10744042
6195033 12944601
6905158 15396161
579229 2810006
9165031 9983178
1367630 6908987
2567909 7448433
2243175 15481643
16662792 5868690
7497210 12776134
16655980 3596958
7117635 759639
2063897 206725
9261369 8891091
12285438 7285273
15785614 848493
1252099 5203432
13793094 8157257
3822377 14372323
10967264 12987408
7578285 12334894
3119179 10146194
3006112 5362354
8850621 2891688
11231044 16347832
15667822 11109809
3167574 6008241
11869448 5231472
6214966 4353601
14122563 1723189
11638874 13130961
2571682 12890973
1557177 16364777
4271014 5379554
13959884 15238278
1589746 4760954
10795957 4708925
14907148 13802069
10071280 6980554
16693757 4525108
6551170 15584364
15634917 9718744
4815389 10727149
14950216 11030356
15080750 12295563
12753545 9942408
8649309 15325227
6056165 10206486
14912788 10327180
15586041 12095457
8788242 398571
79195 2806983
5107497 14986343
16609052 15178777
5189681 16525594
2926669 11740851
15332742 1784371
4682380 3370915
12511520 2855380
14401271 10815055
15150944 10377600
3980247 7023037
8925612 10036413
452307 7061184
3586377 16038348
2379425 12374619
16436920 2458620
15181603 4767201
667748 15013439
3168762 5857429
14761817 6095431
821065 13317343
7879802 5503445
16688259 3614107
8358825 14312314
14429162 6732553
7912699 1632193
13755590 61095
11668606 14207898
7122279 15254983
13469030 9501705
10852387 13128734
11960325 9256774
1118719 12628073
7492997 4287481
1708287 5477599
10382913 2529352
2017726 1485499
8032797 1928769
5099606 16391622
16241084 2751552
6346960 7376567
4383746 3325334
7437662 16052352
756016 14559941
14530120 14225047
7284430 8605291
10576565 2467540
1084849 11695285
15095613 8577846
15982766 26684
14055445 9588463
2556036 16073172
11073963 10588833
1224725 16173569
10203240 688593
2147906 16550200
8065160 6531652
3098318 15502822
5806788 3854335
13285548 3559692
1302166 3792762
12164983 11878731
6260302 13249832
6796800 4578700
5050463 6002351
4605384 2328692
15590814 7161421
1624648 9887561
973038 2849374
9283915 11176278
3537967 11431821
10949262 11603128
1186257 14047581
10328734 6993045
1124700 6837066
10552738 2426866
10629829 5940505
14305597 112915
2413122 4325182
4691615 7463585
10327533 9297000
9792277 9141131
16458421 11416926
2251477 654243
14266300 11535392
11830522 1027051
6189997 6002568
12630179 7376254
3272933 6181698
14369299 4397633
13018764 8144821
6824499 6871377
14085327 4352881
6984293 16498449
8678063 11675908
7184818 2228380
4195692 199879
11369511 3876897
11616805 13620988
4531141 9105889
8379164 16361663
10132941 14569161
5587015 5985904
5168199 8859949
12167602 2760283
13257582 8409151
10905104 3304866
15280528 8213215
7657747 5487605
7934448 16335810
386298 15119266
1786974 4581990
15319146 13156485
8458888 10158735
10000258 12990029
2487409 1602206
12574476 12620350
16171368 1384275
1829038 4562351
10244224 13996641
7322634 6724591
5628576 1450523
10029457 4131888
9663738 909988
9619494 820971
468582 10005792
15940237 2255556
14587782 14482167
15412041 6269454
7863687 8635083
2482267 10351096
10237290 15056743
6194230 9631442
16441019 8023268
14193793 9908027
5242693 4739212
16632618 10871269
6189735 9884859
15003158 15853473
10794847 7845436
16674444 11263429
1074012 15837466
13518985 15661794
13542417 12153811
5154033 4628888
4011678 7636300
14979984 14248968
5915828 4396998
7103194 5579631
12420267 4519772
15487658 885744
9258984 15343061
11757014 15448719
8450704 9982956
14524976 2468336
1051176 14422205
13731765 2125188
13482455 10473535
1009766 10247656
5850130 6163799
14876545 9861808
13800100 13079313
7333561 2938712
699096 14436755
8518343 13119363
2179311 7228785
14005107 11438295
5794630 8984905
10109798 14245335
2190645 7857559
16713671 3241821
5502548 13668220
5367009 2207787
7364539 6376776
12455443 13214669
12540575 10554772
6299262 9563459
6856870 13632823
12502171 7555966
11292362 4243298
3898113 13471674
11472084 1126004
8132753 489498
10110910 1465336
14734833 12301555
9322895 14671288
15543377 14825443
11562293 4133170
256014 2149616
10509946 12711457
15364286 6273306
6489014 4886332
15836765 13345884
1741939 11561721
4124634 13034301
15805019 8022747
9728759 10499887
9148751 1084297
10989386 2482445
2549633 8947003
14784001 11872528
6841076 13550162
9920755 1626153
906116 10176769
3775769 11416063
6111010 2362839
912153 12600024
7249171 16748918
9168692 8991110
11533423 13293326
5248196 10561227
4538857 14976955
4283898 13687609
16061252 15273284
16170054 1833669
7443072 14176839
13706197 14284148
10949785 6849736
15910301 11855902
249289 2908854
6494749 6360300
5271694 7406902
2183108 12520865
7378604 11351801
4734760 2134812
7867911 9982956
12696039 12406769
8182695 202721
9317162 7466732
15476006 8710000
9300401 6141862
6109624 6229383
3648794 282193
13079119 2781879
12138095 13328409
5690733 1855628
2911493 10962427
9262530 5094601
6706077 16641135
16446402 11440837
1998731 7537098
4646577 14694770
3166651 12829272
14897491 12483813
3518788 13596281
4416597 12819190
2960927 10526221
2271357 6609721
10808415 15350476
9391600 6169294
11901669 15082334
8024923 14813162
9267545 510237
3130548 15973622
374156 2799734
10637243 2372887
10336832 15283820
290441 13503483
11335877 15187933
9210080 14854665
12006998 13626678
10896639 14967926
7375683 13167996
4800431 1406882
11741257 14192032
7576177 6865710
12497150 15601100
4901657 4987479
16111337 8032205
4183886 16485494
10831939 14821129
2081165 4391556
13327734 2371607
1117823 7886395
782324 10327904
5963844 12789322
7177366 83268
10980032 14553049
13251264 15780464
15959932 8215305
13195280 6758893
15081016 8915214
5582777 3205457
13902693 4916898
11237662 1309363
4625176 5292385
16130493 6706342
9683941 12681011
9077949 10801765
3790190 9860273
4352453 9754034
5872379 11529819
9837302 75196
9305652 6311351
15855660 8488368
14526656 12273724
15247261 12830456
4411722 4052822
16035913 1537199
8969721 10496359
2846563 13594897
15788745 2199840
3524023 8695470
14880851 12601972
2720019 1893825
5685029 7072472
11647859 11557409
1825075 4707946
11632605 11130728
11019297 10711049
2841880 8768737
6207557 1311926
4821978 10619279
5364748 4080675
12156478 14334469
14577035 15003041
11152151 13588564
425665 14676174
5506818 15306516
10500931 8226838
423125 16185960
15299310 12070985
10966153 347170
1715 5821542
11477898 11021012
16532591 14319778
3012533 5962932
15631704 7834511
16582211 4219237
11915187 11961474
1776490 9715006
10187299 12928641
6526354 10612965
10827600 12033172
9142265 4551315
3482794 9565391
3960059 2004889
4859160 14926213
2352059 4860875
3970539 13829957
15881887 3725915
11372519 2117204
9688847 10227008
9951716 9493843
14446245 5089687
4678101 16222735
14804693 14865400
12374161 4553831
8701149 6424545
16587003 1066199
10975860 3292582
10631590 14935919
5297471 15490750
13084916 7649530
3574409 278240
4702271 2679080
4004155 16074790
4796284 13693002
9524582 14748000
6409629 7193611
3060471 11087730
6639131 1087948
9175915 2236076
5641779 1099848
8660621 5451567
2166047 2859265
8744149 12797637
1017968 14041620
11511171 14102885
4913934 15085580
14381125 9616205
987444 1608064
8913779 5783729
15301066 1661146
3754513 4933480
8854757 6814985
16021210 15493888
7902933 8419909
952748 13544713
9519758 9613369
2219064 11685805
12472634 10963213
7706227 13490603
8227617 2440182
10816272 13141551
748547 8420181
5980540 1735991
10028245 14894319
7519720 8552095
16555465 11274234
13485575 8633007
1312003 12729570
7349679 9214936
4372263 8302428
5982433 13892021
1138581 8201497
8800611 13611216
2387494 16506838
10324603 10615111
2169804 4363659
6979446 2918351
12783840 12959986
4654343 6034869
11077090 12174063
14586964 10855339
6671081 11295324
2711130 7983084
7247678 10060810
420805 11619941
1586022 6403238
8734747 2724603
14604736 758142
16335819 215014
487764 9883206
10830126 2657568
14246865 1032356
5575920 10253489
13992343 10230263
16288358 8292217
5627110 14098107
2370340 12298192
8616215 5081471
3504060 15863893
15142281 3924865
10706618 16728303
10328104 2664149
2675690 8155624
3422291 2234294
8370638 3910055
12117500 2423548
6567624 9587150
3455905 12143544
3063423 671032
5596591 2574566
8963249 11223701
16672673 11333589
6744677 8511672
16415060 10248738
7598349 14780125
14173603 1527751
14731212 7724491
4191901 629687
15880115 7614192
2863981 7473538
11524248 14981481
9897086 1314656
7791415 13352991
13458200 10854839
14024023 2277575
13429405 6210056
13501276 13324862
766430 3468738
5059318 404274
13717476 12657667
15184400 11113863
14185418 13138396
2061139 1600103
13768083 1164038
9214296 16632064
8637576 3961328
14836330 1757447
5275984 5850529
15110438 1956968
16705368 12357246
4234543 13357557
1790086 958603
9905203 2556516
4427341 14964521
2960791 1367601
10844972 1367975
12481465 8253175
14506371 14542604
9853278 11497239
15706642 2290358
11352087 7567003
6251686 9411201
9324450 11527670
15261731 7657672
13484638 15189883
3237702 941965
11770225 5027789
1900569 4898212
7584305 6327910
3085518 10545096
7695512 13930490
11913071 3399761
5406449 9642227
1165149 15259728
4362250 94575
772870 15714337
7661578 7024557
8348323 208812
1775011 6832838
7866485 15259650
5245505 11104187
16201615 238514
16131976 1324968
5136727 6939066
7652879 8222245
706946 15348391
5375519 12620018
1970936 10781969
5485029 3136085
9264481 9847279
3230660 10037351
8784400 10892239
284692 355507
11101051 2059704
7188345 2190320
542138 12433851
13294508 16743753
12672365 12649268
1291506 1031876
2811118 8944385
9254121 3518065
7515560 14629641
16138083 9486496
8634394 4845896
12622581 1121659
14693175 15853241
11159010 6700359
9968264 11443703
7055867 4292100
13503407 14244212
6482420 14045545
9900847 2999712
14012082 5795997
15648981 15303588
6827873 1682883
7470757 16081995
5200948 14986317
13934420 4561815
7695597 5791598
9407711 3540962
6913257 7323670
2616988 1295051
14024030 12585252
12738754 4302681
100136 9464945
1769677 6582557
6733274 11670525
9582269 3968141
689306 8454034
2494513 7517179
10136918 9965271
6821958 15337866
8174372 3979162
3122466 15869970
9770760 12530177
2633716 16684017
3076632 5250704
1201853 323446
1058741 13940607
4626127 1158877
6628337 6395804
7741434 13361611
1289113 546488
552536 1978419
9000522 3047050
9495599 2360224
13012321 16317557
920875 4409477
3519504 4043341
3502231 13290264
16573518 6135948
13197066 2872934
11386652 14398919
3196380 12445393
11562310 7822507
13604271 1413431
14218312 4568489
14775043 15507425
5114977 15327579
708629 14115500
1597413 10204228
16475724 14609734
9744569 619383
2241996 13264073
4662724 5744227
9777122 4459027
11880175 6196972
7331961 6489612
3818675 10528342
2157789 15380985
1573633 15762060
17201 15791945
3553334 14792244
14522155 8668311
13342607 15230784
6006595 14940021
8657796 5705104
12772539 1625149
6324487 15014535
14889223 10987212
3981547 7889129
15446239 15861722
14086101 6000984
5574118 1127560
16529326 7731908
16508545 1325744
6716752 16525746
340473 10270086
14540774 14862628
2161182 11106166
13316196 8167777
9268971 5196776
13872881 5264294
6821926 3420153
3501614 4933933
14407365 7483161
12823062 13076388
6567667 10131947
2300156 12141786
11259507 2052267
3096478 10990836
3378011 9813230
10739367 3718484
3306101 8502925
1803897 5467283
2831875 15120093
13635060 12100846
3539654 10730726
587925 10361580
14150879 4089539
15295513 11781028
11572700 11341359
8080200 1363151
4696090 10380356
13504937 15955597
12432623 16601415
10169217 15810634
9637430 4131368
2751903 12943531
12634294 4555800
1633598 15466169
2898677 15268658
10789800 6438331
9222168 11377725
22695 6595831
15467264 15318208
1599643 10262748
9882351 9679843
11625899 14578441
3282984 8353621
13756822 15715607
8177820 7148824
14749026 1038034
11280192 723713
13981565 7137270
5279513 15615163
5826224 8178190
14106606 16616024
14616522 6551558
11216533 14639217
13147390 9906581
13180210 14747033
3392113 6285345
7649661 15018012
4086571 10932645
6594417 1066177
9871036 14772238
8215001 7842846
15810272 2717978
8566559 13014622
9855248 13846072
11852569 15681472
5247047 9181959
15520280 3086353
15733518 9959597
948354 12103692
3088962 14128564
10073509 6481075
3636694 945954
4721872 7723265
11878599 11316289
8789442 4972420
9311311 227228
12815266 8344368
2945206 4604610
4581774 12800454
1673466 16434343
11704711 6920513
8839087 10447775
10006866 7795389
3630157 10955221
3121865 6719119
8306569 13195374
13200195 11943263
14141329 1144851
2889312 9242712
12461140 11678755
14215132 4995236
11905983 10253183
13339604 14851189
14857793 1144162
10874427 16531259
801289 5801922
6674557 9640376
16249698 16681423
658549 3102639
10859428 3780414
9821758 2388782
198573 6244737
14332045 14339902
7389588 444142
6805398 3073513
12122897 4243315
8068749 7251664
14496498 4631137
5325637 12577075
5775299 16200064
12331118 6576588
5224771 2228459
16216965 4697253
2132667 98298
7799892 12992095
3878713 844434
15380877 4077286
7089172 12935707
1639972 14478760
13379849 8445370
775057 8725530
12688685 8843806
15977194 10407967
13474943 4525615
6207826 2473026
3948463 1761729
9049615 9173234
3990188 8489364
13870487 6122855
8587662 4893163
2337735 12466375
5737598 941396
16543661 12826770
13877103 1406417
10528314 10479736
9851788 11303372
2428050 5763257
3369962 1628028
16171225 67690
6153643 5601835
2540716 10102107
7363564 11590331
2498125 11353753
3302479 16368613
699392 11890142
4484560 3037127
7579301 10222158
3978524 7345747
6271712 1078411
8752164 22811
11558148 1826736
11326183 13986198
7589994 14696145
15614227 6984003
14763835 4990654
12585838 527336
15092761 3172187
12117667 813671
14525940 15420147
405068 15225332
10533073 4889628
1485244 1335158
15111787 5463768
8680905 4606283
6542179 655854
4629094 1323111
2482590 15955277
15309310 10072584
13874207 14146321
279371 11860826
2359759 12865210
12388162 675305
16037397 7728614
1488976 13786121
6371545 1894044
12234237 127402
6783672 13719481
1462560 5118243
2406033 10143466
9724527 8948213
10799320 14353621
10271324 13281910
13531683 8803418
6577279 10628674
6172523 6856650
5712284 8532283
2944644 1323231
9207588 2204825
9051845 10696564
15990946 15423390
12590608 11447968
15550792 2597064
8390233 236136
7715308 10796267
10379602 662619
2967264 4401706
15016240 13238588
906401 11770707
5264791 7483680
5622165 11437314
14340330 11334450
3192381 507759
12657681 12399969
2712584 4932310
6319317 1926315
3578484 2132709
13374283 2352060
4729774 4987300
2588196 12445082
15783567 12967799
13107701 1973615
592289 11346725
15212204 1498690
6340217 3699779
8982370 11962382
15137093 6545485
6519616 1552259
7053244 2400081
13952228 9765828
7332391 3494330
11692143 10910875
5627039 8289210
13262935 10356813
13276511 15851132
6024679 12282862
12041715 2355164
14256478 12634004
13701890 12691466
14132695 3264891
16391245 6337849
15227273 14751122
12883334 4969674
16303381 3159362
7369755 13478394
12925191 14702147
195508 7840118
8835806 5822547
16129329 5321526
16179361 12628624
4395442 5426824
8134270 16437157
7781989 5613532
12293945 4706663
1527782 9649424
7971554 1141811
15987274 6421611
15892934 12093392
11391285 15419099
15252755 1983825
12120277 11400730
16685972 12315785
2463632 8744562
1361117 1815745
14066088 763262
14444369 1684314
6190086 5801424
1344255 13972075
11414956 13638201
1901522 12942739
6510409 9873076
14084550 5720467
16294688 13200268
1036644 10908757
11842152 16289399
12892582 7185213
10912913 12801338
2723783 13376545
4768685 4084900
15192291 2057557
4848162 12859444
3741872 11038248
1883652 5086127
8233108 13298609
1947112 10134630
9464132 8457522
3230491 6771466
14177989 2747963
3194519 15214633
13656720 15036671
14726816 9772087
5444668 8862513
5796209 8168451
5461843 10564894
12253351 3876918
12622452 324297
16736362 16364324
11362546 1842799
4673235 2818438
15141408 6620348
12953068 7828324
15077870 16183559
14599790 12478643
2154306 1017093
10916061 15811027
16053764 8865661
8805898 4721217
950959 14602107
12889668 6412802
8389786 8365804
10289720 4235022
8690101 10248866
3822130 3275431
12091665 8495365
6093869 10455857
15115713 2269722
1506965 13416367
1676065 16106756
9117795 3830372
346633 3256640
2864183 16400398
12122301 11670081
4344399 13073260
9494972 456851
2708846 1107542
8822655 12998566
5342564 735541
6470217 9164694
4010972 1784666
882844 10104842
12240524 15998557
12374564 13747489
12637709 14050629
13077029 4978288
1103785 13423663
8234928 3967968
13046845 3580013
15638049 614028
16653274 8355806
1070879 2584904
9463348 9893535
15583471 14805913
10629076 5276472
7193391 14640048
7061138 8076235
7967674 2524446
7297577 3565022
16271936 3158070
838436 12571749
8136358 1942221
9218196 16371286
5910190 5487825
3174083 4771023
6101853 3050141
13126829 7172733
5635046 5812962
289052 4441301
3841659 10918128
9717773 11035050
8780960 1695
2334070 16748635
2526142 9631647
3536441 2020862
12789717 4374877
14592611 4148859
6317099 7033592
3742929 12227289
12521417 6917012
221096 1846055
9967154 13347926
9018788 15602200
2383672 9307840
3266285 6225331
3448752 12984058
483165 12229712
12985753 2817235
12201131 15511895
12448882 15737573
755541 8461383
3335234 15348153
12610242 9652333
5604529 16353171
5102406 1348730
6492968 5323503
3194785 16460122
1894213 12213573
15285106 4277885
4744197 1774175
10503216 8192949
14758233 10986381
3645446 10966770
13803617 15846577
9701450 9475283
14806934 10456991
1159451 1364953
9027928 13769693
11017286 14632457
13345649 16119693
15981188 3061401
4665980 2398757
2744307 6560193
14612331 1252197
10838078 2579312
3026372 4564078
10772262 1007389
15550459 14417708
11974159 12576860
13487069 4898393
5274928 11516788
15355385 6434379
12881741 7606097
3426856 7121811
5461339 16772505
6464288 4665311
3056690 11130268
7064068 5800997
913245 4899183
7053194 11751323
7478496 10079566
16315401 1473542
11086955 15088645
15891250 6283899
10888289 12601103
11182292 16163217
7340675 9760461
5820380 3445200
589343 9247237
10567012 6050682
9242526 254084
10715993 12299217
11384353 1002845
1322998 12297598
5902029 8376193
7271706 13380525
1678543 6809891
14854067 12765499
5121320 13968101
2272182 16009610
9791988 13454474
15395611 355448
6437720 4438776
3800648 7027063
13686013 14367660
13077745 6151323
14621745 7016522
1673324 9228882
8019367 2996323
4749264 13921396
11372516 12020970
10524705 13051059
2053646 8601556
9039342 7174966
5792441 11311524
6407360 15584430
7988783 5025756
15939878 14426503
9464532 2963310
4676350 6373329
553755 976879
12524652 15175500
7993401 14197977
7627166 16012768
417084 12376430
13156949 11789600
7620185 6904438
8063443 9673831
15505995 325570
71581 4521220
11637094 6478942
3328434 2848661
11504698 2491096
497948 4192014
5454407 5174298
10565343 6008162
6151177 6312779
4406446 14144578
3733540 12033612
13380131 4150624
7632826 9759864
15940224 15253011
16664302 7226452
8149626 15393081
7552022 8221208
3137086 2411900
14700150 6465520
5260562 9427632
8956617 5758510
13619646 14411024
10932809 7407773
3641970 306770
13720552 8048416
14451349 676877
3304812 11054264
4827501 10937638
4036912 3990510
9413434 3923998
11216962 785844
2539864 1991768
9007052 5676950
4403668 6929986
12142470 9664230
16357618 4321871
15422741 13200048
1955679 9578334
3830605 5597649
9885104 773942
13646065 7559237
1450819 173661
1836285 6278320
11111300 5873197
10268830 3747518
9797196 4708576
4533362 12337060
6700344 13540415
1236794 11104013
3693185 13379264
3991027 3273588
923920 2636552
16473636 2879599
12214886 3527026
8477249 5322775
4300968 5346098
12882012 5751787
5519760 14718298
12030107 16631060
3814279 5521722
3601362 13611475
10230298 8134724
9171319 153427
4897923 10408113
11257440 8591109
7010162 15248467
11864697 7934082
1107804 11561117
10813681 13322690
15088143 2513714
1868249 2611895
7859813 14750262
8363682 13379573
12691344 3616574
13233417 16505623
9138296 57563
13339883 2591378
8192287 5733986
2744805 13090211
16142100 14002245
4904104 6375046
12473497 16768801
14309128 13581301
11552702 8345593
10126775 9863630
10859308 11995025
12475525 1941905
9968071 4061992
15321478 5882199
7678566 11777679
5610606 39646
11835242 2173273
2631024 3250313
7907260 5375830
16340524 7272144
2600859 4467412
13647190 15074356
4458997 11179102
11878441 16011700
2747479 5228001
9098114 13606787
445810 4796423
15548692 10413881
8858415 14092954
16296080 16536981
9093417 5129470
16576627 4151443
7302744 2430436
7401757 15210004
7806266 6965065
5704932 10407125
11432478 2574906
8704266 15891475
13754008 3805491
15125959 16501487
9033492 7446857
13331059 9479302
12243281 12102535
3115967 4324480
9418274 2634831
4084246 1734475
7764302 3883657
5885919 15067046
6314093 13287676
13499834 14120359
3475525 2427550
7750269 14908003
5002456 16454535
14022263 1979248
3482810 12371006
1703519 12516303
3040648 15034578
5218389 15283929
10359898 8334357
2831193 3000956
10969188 6915439
4735431 1956274
10799097 10621350
246104 335974
7131810 13745938
14456334 10607336
16173488 5429387
8738123 4398728
5106706 5983170
6377976 8589516
1576961 8081496
4328603 4617609
6338858 9546993
3124322 16698756
1104134 5955515
2922496 12073322
12870955 7657928
14029597 6892836
1502062 14275701
7228810 8633873
11244424 4907928
2463993 10640696
10337315 11202116
15039425 15444021
408071 4640185
7256322 1985032
12721681 11584925
6602641 2283324
4354702 9726963
2204864 5458836
15682478 5127361
754943 11776217
12785289 14784540
1891837 14287351
12283025 9120648
6144008 6750233
14028576 8608001
613714 7588676
3032902 15653139
6255481 3440973
3516108 13511803
5426005 16237790
8319513 12028646
1743898 12674215
4978393 3948762
1355836 3883655
9076123 2110779
15659873 5084196
118103 774494
2594332 12401128
9895142 8738340
2374146 7146503
569126 2987860
14735179 3602028
1863783 4213444
7043001 5379891
948032 12469006
4840465 9267545
7720436 6584363
5164544 12698829
10533126 6520380
16582484 2832033
8631159 15465141
7916230 8749262
16239636 10510562
4373175 9357562
2471686 6747321
16504065 3040812
9735181 14462028
6642840 11598964
1898257 13685841
201639 2846289
9377631 5042105
12113834 320851
11626468 501162
13019680 5382378
7021543 12824949
8214412 15652702
11512874 16130642
7624749 10975294
9863988 11997924
3555641 12335674
1968029 3282490
15376487 11703210
967303 5242111
6524958 2865560
2150737 6726597
5711849 11528368
11768702 1048467
11849220 6617955
1549629 8091684
12000333 8571172
4139417 3437529
7446659 15652292
2790955 15071408
9850370 12654943
10292116 13406011
8213402 12260145
16688502 6812673
7186139 878589
12054784 13711097
3744149 14205521
3660478 9455998
8956674 15429181
10504465 4028678
5269920 12054094
12120362 493037
3848051 16259780
3930567 11294710
15134856 6721522
9588902 8208010
2599250 3103802
4836806 10812652
15363947 4748092
848109 5772870
5626681 12902893
2706751 9370830
10331199 6367229
2049612 2510657
5019194 12554077
6539335 10289114
7830955 1882481
10782152 11679006
1365045 14712719
6196500 16499901
4657025 15785402
7930696 7256275
2111988 12767502
1291711 698719
738378 2139820
6471589 6365059
15042714 9178340
15735889 8596697
15545570 1008285
11107354 3787548
13562362 869473
14076663 4616101
2751954 8081599
16295108 4117000
6017102 5714392
3839685 10674127
4722579 11770381
1153187 6834567
7760667 2444898
7533287 8499045
4584719 14004876
14864104 2850217
6406001 13822777
11446914 5174355
14831062 5777052
8961903 11616208
6646525 6261350
16232310 9398479
14342949 15750202
13515479 3582835
4687378 577949
14256963 9409957
12348330 15410150
16244525 3331782
1077832 7000596
11830827 5662551
4228256 9917716
8512768 10634257
6963277 3182466
15808612 5017124
8959518 7993300
16633332 15606043
14254650 16088426
8227307 11820384
