100 5445 78
98 22
3 100
37 47
71 19
33 18
55 87
84 9
6 5
54 65
94 7
15 35
55 29
2 30
89 12
51 83
24 33
70 7
99 96
71 77
45 23
15 81
39 8
50 64
68 78
89 29
8 88
58 94
89 33
52 9
65 48
100 83
90 74
94 73
56 39
90 4
61 88
29 37
18 14
93 73
77 85
87 37
59 90
98 42
92 8
20 9
46 30
27 48
80 33
28 92
4 30
42 31
50 9
6 73
30 60
88 18
13 92
37 45
80 20
81 38
51 78
39 6
96 74
28 23
91 2
15 57
34 76
15 17
22 78
23 27
72 87
60 83
58 81
90 11
1 48
88 73
70 23
77 95
5 53
20 83
93 71
40 57
9 14
8 87
40 68
44 3
20 41
45 91
82 80
89 63
33 47
22 67
57 4
50 37
3 96
89 32
16 20
85 73
47 93
63 17
59 64
74 35
76 2
99 34
30 83
53 59
5 3
4 83
76 56
30 98
6 14
14 71
15 83
96 91
28 52
55 15
83 12
50 49
82 2
52 54
60 35
25 53
2 11
100 26
68 5
74 50
9 34
61 32
63 86
82 76
45 100
43 88
48 7
39 33
6 57
47 53
56 86
24 62
78 38
6 66
42 52
79 6
45 47
39 9
45 62
9 45
31 4
69 88
65 98
88 39
81 35
96 57
12 54
41 3
16 22
23 58
99 94
59 47
74 62
1 18
95 40
65 62
31 4
88 57
48 81
33 83
82 31
60 47
59 37
97 28
36 13
86 54
74 62
24 84
30 51
57 80
2 58
36 85
34 93
3 43
67 49
13 21
98 80
51 60
97 57
10 67
83 17
36 16
23 98
16 66
25 60
5 34
77 58
44 9
83 34
65 88
87 12
60 23
3 73
71 49
19 24
62 99
90 94
64 78
33 28
95 18
82 59
47 10
51 52
74 56
66 83
51 58
65 21
50 19
23 72
50 52
76 66
6 48
43 2
28 76
93 100
91 94
24 22
75 56
64 88
91 47
11 7
59 6
56 1
32 31
93 75
61 96
51 93
51 77
29 90
36 13
4 89
78 95
98 39
92 53
90 24
89 2
57 10
93 39
56 28
55 81
84 67
63 88
85 31
88 70
7 100
43 55
5 47
50 76
39 30
90 8
1 50
82 90
40 81
69 84
20 91
78 48
2 19
87 57
48 42
34 68
74 60
85 28
50 70
89 80
99 6
82 61
91 5
5 13
82 13
61 22
57 69
11 59
41 48
93 55
38 93
40 51
47 25
9 15
64 7
39 61
11 44
73 97
33 29
67 41
33 94
69 95
8 71
27 48
50 89
5 25
49 65
8 35
56 49
83 85
57 18
87 23
13 39
98 4
59 98
45 93
70 53
97 66
89 65
53 96
31 58
93 77
1 50
92 77
47 90
53 78
37 14
65 87
7 50
41 74
60 63
52 41
93 45
8 30
90 80
38 69
37 19
72 42
55 14
81 32
8 48
78 37
69 8
5 8
97 18
37 45
83 65
26 31
95 4
12 86
100 38
34 56
59 90
33 49
27 71
20 47
75 1
28 86
47 37
48 81
23 97
62 19
61 79
24 81
69 81
62 55
70 24
42 95
55 83
52 11
2 62
56 59
9 81
74 5
26 82
22 90
89 61
1 80
49 84
69 17
79 52
4 57
8 99
74 6
37 67
41 52
3 62
29 94
20 89
61 31
65 46
46 18
26 95
45 8
87 58
60 36
60 81
5 19
55 83
96 62
75 9
96 78
94 30
54 46
96 89
9 87
41 42
75 57
23 4
39 97
56 45
17 45
42 11
33 93
8 86
66 96
88 40
51 56
57 44
55 53
45 11
63 97
46 50
67 64
58 2
21 9
6 78
67 35
25 81
33 29
4 16
97 12
67 52
21 98
100 53
39 88
27 14
63 7
84 71
78 57
63 72
30 12
51 17
72 33
25 53
74 70
67 7
40 70
7 71
63 74
13 96
13 91
74 55
31 22
5 41
10 27
19 37
75 25
54 17
88 99
16 61
25 46
17 82
88 7
70 89
55 13
33 7
40 5
1 82
5 28
87 49
98 52
38 92
60 70
87 92
63 83
34 37
64 40
57 29
45 99
69 20
22 92
57 84
32 30
83 79
99 44
45 6
74 93
78 19
1 32
78 61
27 93
54 98
26 40
47 69
6 91
92 6
17 28
26 62
56 94
90 20
65 73
99 77
6 25
64 37
86 1
89 71
17 3
91 59
98 28
54 68
42 11
22 52
39 49
38 12
62 41
18 78
36 17
26 67
49 85
77 86
70 77
93 27
63 7
77 2
30 43
36 59
62 58
18 94
76 21
11 12
93 16
21 17
15 46
37 35
35 30
32 84
68 95
77 76
29 56
33 75
11 17
19 26
19 16
24 75
20 8
71 77
39 12
51 54
58 22
18 12
56 12
12 99
22 99
82 62
26 55
15 8
97 94
39 99
17 20
93 37
49 39
11 31
90 25
40 99
52 40
93 69
32 99
15 27
47 41
28 96
76 25
76 88
32 17
7 86
21 31
27 19
85 82
5 56
31 94
54 83
35 19
94 48
25 47
95 76
24 67
26 100
10 25
77 4
17 60
25 58
58 11
92 62
45 90
85 63
52 16
54 88
90 89
21 15
9 79
78 56
88 5
16 60
76 33
66 61
96 25
57 47
82 17
22 37
99 14
24 14
91 16
67 37
13 79
39 26
43 55
45 38
65 4
43 40
6 4
47 51
84 32
13 2
75 98
66 69
36 12
27 79
58 24
21 50
49 13
45 24
48 2
87 88
4 28
85 21
82 40
83 48
52 37
72 26
72 19
52 4
77 75
56 69
92 26
53 94
1 84
13 48
49 79
66 65
2 68
13 100
13 41
47 75
14 25
78 26
12 92
21 80
86 56
11 96
49 71
47 96
97 22
24 49
44 66
36 52
61 84
46 54
99 16
91 39
89 18
33 84
68 52
78 29
30 42
5 22
18 63
29 95
13 90
50 55
35 25
86 17
95 54
64 19
33 53
68 2
71 88
99 2
11 100
27 91
33 54
11 98
57 49
91 19
18 94
12 46
3 86
64 70
40 89
37 7
12 83
17 6
12 51
39 93
21 82
64 21
59 64
41 42
81 12
77 97
32 89
74 31
99 43
45 43
75 92
79 67
49 74
42 47
51 48
28 84
64 77
42 81
34 4
89 57
97 58
97 45
11 9
44 79
53 29
36 30
94 73
56 100
99 95
99 43
21 96
31 3
100 1
15 9
25 69
42 62
37 62
59 18
28 30
5 30
52 48
62 71
88 77
64 6
1 10
54 1
41 45
12 42
5 87
86 89
69 92
74 29
12 40
71 80
62 45
75 8
18 99
96 41
69 30
55 7
37 46
83 11
100 67
6 17
47 1
33 93
27 42
88 87
39 77
96 78
54 42
10 2
24 9
79 47
10 88
88 82
45 93
15 93
29 25
74 78
53 81
72 52
7 76
75 9
21 72
80 32
26 15
48 14
48 27
34 41
15 46
12 46
26 17
82 55
73 13
69 10
71 3
57 3
43 94
83 68
16 50
66 38
48 59
79 12
70 85
50 29
33 14
3 45
39 100
26 57
51 68
17 65
52 14
6 45
70 7
5 34
3 9
100 25
4 100
42 60
98 82
10 58
2 39
49 60
20 59
41 3
34 48
87 43
16 83
6 94
36 64
26 23
95 24
38 52
6 76
90 17
99 73
56 65
67 35
66 99
36 44
88 61
23 14
43 44
80 40
10 71
42 95
93 71
89 12
85 95
95 71
84 34
75 65
14 29
24 64
55 85
63 76
98 30
36 91
96 56
38 83
88 89
39 48
50 53
28 29
74 35
59 75
68 91
85 80
77 62
23 52
83 88
58 96
65 16
86 79
84 19
99 62
97 22
32 66
23 60
65 67
67 25
89 58
55 39
71 34
33 90
4 47
42 67
4 32
66 55
81 37
28 13
46 84
8 35
97 95
84 56
70 37
53 70
88 23
15 16
52 18
40 62
81 46
4 48
80 88
82 39
92 22
1 73
70 65
66 64
1 29
59 11
6 67
82 58
79 27
44 90
68 95
15 97
65 91
58 23
89 45
39 38
54 64
90 19
59 68
57 60
81 95
72 30
6 79
54 66
87 88
5 33
40 52
53 62
61 3
86 11
1 84
58 78
69 59
45 40
64 83
2 21
65 52
47 3
13 91
10 65
93 59
67 4
86 32
35 15
32 26
39 81
99 31
32 82
84 57
22 95
89 73
5 42
75 47
65 82
77 32
97 52
53 52
5 1
22 29
50 83
71 8
6 91
74 82
55 40
44 92
40 21
78 75
8 45
12 52
64 59
24 76
62 78
82 55
99 13
59 17
30 54
40 59
93 55
30 32
87 14
62 32
13 20
63 38
78 90
87 97
88 53
11 60
58 18
81 71
22 11
52 44
21 8
50 91
58 21
13 87
45 7
83 41
80 58
42 32
83 20
41 52
62 81
24 17
47 32
84 83
64 32
94 23
4 45
2 63
100 54
99 88
9 92
94 41
46 70
63 84
51 88
87 91
16 55
61 57
26 9
71 54
48 27
29 23
45 42
66 44
81 76
67 39
18 36
50 28
32 78
45 92
74 79
73 75
16 52
31 62
81 3
14 41
89 18
95 8
2 26
68 43
70 79
97 11
74 33
97 30
58 13
77 44
96 4
98 84
13 68
13 26
37 85
6 94
48 57
57 33
93 76
62 40
58 5
58 52
73 28
6 17
62 46
20 84
60 17
86 37
90 28
12 88
61 8
5 4
16 62
75 71
76 65
72 30
3 11
73 37
75 90
100 16
65 45
80 95
97 93
73 75
99 96
92 97
19 84
16 25
39 8
76 66
47 10
34 18
74 17
1 77
75 8
34 68
91 35
16 65
25 85
72 2
83 35
78 94
39 47
99 85
19 35
71 90
89 45
65 70
89 66
19 6
30 8
20 74
94 24
27 52
88 5
21 71
90 32
73 21
94 53
36 84
73 67
97 84
57 93
13 70
5 49
92 97
87 45
64 28
21 100
8 86
1 6
72 11
34 5
54 32
11 46
48 91
22 99
44 80
97 76
44 16
76 65
1 29
85 64
31 95
3 86
18 10
26 2
47 13
79 99
100 11
88 43
20 13
45 61
51 55
63 3
40 26
22 77
18 3
57 35
35 77
10 94
25 52
52 79
52 61
37 80
14 24
95 80
57 36
56 59
10 5
28 80
78 42
48 68
49 10
32 81
95 93
35 22
26 64
57 12
48 84
5 33
22 60
5 70
75 28
7 62
70 66
54 83
23 24
46 20
69 82
99 60
99 53
39 64
91 87
37 11
6 46
67 1
55 71
2 71
46 3
40 7
59 77
89 59
35 78
13 47
62 16
15 86
59 19
73 82
83 3
59 65
5 69
60 82
67 64
30 66
61 81
53 20
87 43
71 97
85 33
79 5
69 39
97 87
83 52
94 55
43 98
65 66
75 95
4 61
83 25
54 42
94 78
70 32
11 54
56 16
34 100
90 6
23 79
53 54
19 97
89 74
86 1
4 100
38 15
27 58
89 79
79 54
12 48
40 74
5 99
61 3
53 7
58 29
78 23
97 91
98 40
1 23
14 27
44 52
71 63
100 59
89 22
79 100
45 10
80 97
26 11
47 89
3 4
94 57
71 16
65 92
28 61
10 46
32 44
19 37
61 3
97 95
4 22
96 23
49 33
7 49
77 18
3 82
54 73
69 91
31 93
67 78
79 46
62 41
9 4
18 33
84 82
75 1
41 17
88 65
37 43
33 14
31 32
54 27
92 37
99 74
67 84
27 72
1 46
14 25
17 89
64 6
33 96
33 84
61 62
60 32
62 49
86 19
17 97
28 52
48 60
37 67
86 62
5 84
8 97
98 90
51 46
83 2
71 93
74 43
59 21
35 64
100 93
54 85
61 11
21 59
63 57
32 80
52 82
79 10
83 23
36 97
90 21
29 30
68 20
50 28
6 31
50 53
80 68
41 16
93 34
97 62
21 76
8 68
55 69
55 29
14 57
39 59
55 13
52 57
65 18
22 95
64 52
72 10
2 48
1 100
57 37
97 23
71 56
14 65
75 22
29 56
94 61
27 79
26 10
60 74
43 67
60 90
52 46
20 5
27 97
75 92
16 48
44 51
78 20
20 81
24 55
95 27
31 16
45 62
37 93
59 47
78 56
100 51
5 51
55 60
36 58
25 39
70 36
23 51
27 92
2 46
60 100
63 3
8 78
94 97
81 95
33 56
42 30
64 28
28 59
23 74
30 100
20 31
42 61
79 28
92 60
63 19
78 25
58 59
50 44
70 33
37 57
77 33
59 68
39 49
37 90
36 64
59 35
77 50
28 100
6 100
6 28
30 8
57 11
29 13
44 76
10 21
18 33
8 5
49 70
43 63
87 75
89 50
93 67
94 85
49 5
73 90
43 50
25 87
56 58
81 59
99 26
24 7
39 62
8 15
75 29
91 90
94 33
96 64
53 89
61 12
58 6
60 16
4 29
10 99
73 66
6 84
59 54
66 55
92 63
2 81
30 99
67 58
29 68
36 83
10 24
53 77
96 19
25 45
39 92
22 44
13 73
86 66
99 86
34 14
48 71
22 84
6 85
96 15
96 89
56 9
1 100
68 32
90 75
64 79
31 9
18 71
9 61
61 2
52 33
57 12
19 97
55 4
70 1
73 84
75 47
80 2
6 55
85 18
53 91
87 91
3 21
70 68
67 72
31 11
38 82
56 11
69 58
75 29
19 38
26 55
97 45
72 60
16 93
11 33
1 31
98 81
39 45
49 99
2 58
25 15
82 16
9 90
70 45
4 71
64 51
32 90
94 86
5 52
70 82
75 53
79 38
49 81
18 28
57 9
41 35
94 62
81 18
99 48
83 25
6 21
36 42
22 78
67 41
14 22
93 21
21 90
4 89
33 55
21 87
21 74
3 36
4 70
2 82
45 60
18 38
87 44
92 62
18 9
45 63
8 17
34 88
92 67
73 18
38 70
65 63
6 26
7 35
43 39
6 58
19 7
7 100
23 9
40 41
97 85
40 25
85 41
66 56
55 70
37 57
99 26
43 98
89 47
91 1
71 85
77 33
54 96
53 91
36 68
62 89
21 39
55 43
29 41
79 45
62 16
80 82
59 22
38 56
32 54
28 52
92 31
16 55
4 32
16 59
96 95
21 100
32 62
8 99
44 45
62 3
93 55
95 4
98 44
99 98
75 53
92 65
63 98
86 60
1 65
80 3
64 61
58 83
88 21
99 92
1 33
97 13
57 28
97 44
60 47
26 32
76 71
52 99
33 2
97 1
28 75
6 48
39 16
39 78
87 69
49 22
3 63
59 63
11 51
30 2
33 43
78 100
29 59
15 77
91 69
85 60
57 24
27 31
63 72
99 14
14 62
49 47
72 51
59 53
17 7
69 90
65 22
92 21
79 17
24 26
40 90
100 20
86 97
46 23
19 35
95 45
53 10
45 92
67 39
52 36
48 93
64 75
59 69
75 97
91 22
91 58
81 12
63 58
64 45
55 80
28 76
78 9
52 37
91 64
60 42
87 9
83 52
55 34
90 35
72 34
86 51
1 70
64 9
77 75
46 87
47 91
12 5
2 10
27 25
41 10
80 83
80 61
90 25
59 78
25 14
48 87
11 71
63 16
4 17
75 63
75 46
75 25
25 93
86 69
66 70
23 51
30 57
4 10
1 84
74 94
77 19
44 81
28 75
81 82
55 1
61 35
7 99
26 45
88 84
36 60
65 88
100 52
16 88
20 26
44 45
39 58
52 5
60 41
49 48
4 98
52 14
75 48
7 93
56 12
20 30
62 46
71 39
81 55
79 97
29 90
96 4
90 83
41 28
83 75
6 34
45 78
8 25
49 1
12 64
76 46
13 82
86 74
48 31
47 56
5 51
58 94
10 57
53 31
2 34
78 63
50 17
13 38
65 41
29 46
21 95
41 93
73 6
95 43
62 30
38 49
68 66
60 66
80 16
20 56
87 6
59 63
17 64
67 31
86 96
68 95
60 62
65 55
39 61
1 57
72 84
52 32
64 5
100 28
33 36
73 43
31 21
72 1
10 12
22 21
50 35
3 82
98 36
44 29
22 48
3 65
33 26
58 10
61 69
52 20
96 73
49 63
20 12
77 40
5 53
50 54
64 14
33 48
69 2
88 9
65 43
67 89
33 94
26 66
89 58
73 18
21 58
65 49
42 95
56 15
60 78
5 12
27 76
45 11
95 26
41 80
18 80
31 83
56 19
71 18
35 90
30 39
4 52
1 20
70 56
11 80
74 52
4 55
29 11
49 57
80 94
100 57
80 30
79 45
21 71
95 100
3 6
56 47
99 25
54 91
31 92
74 10
19 13
15 6
33 63
1 41
43 59
73 67
74 10
3 99
22 76
15 30
35 83
88 17
60 3
7 33
62 67
55 76
80 69
35 37
27 89
91 39
74 94
28 33
84 58
28 5
4 51
72 3
73 37
35 14
79 58
54 72
43 42
96 25
77 37
79 35
52 94
60 82
97 17
5 30
60 8
16 60
25 4
30 18
25 8
14 76
34 64
17 55
90 14
19 41
100 2
55 87
85 38
70 53
81 24
33 88
45 41
99 39
85 39
93 16
73 28
88 74
27 51
93 58
61 97
63 24
68 60
56 16
13 36
90 36
42 22
33 21
93 95
76 41
76 48
24 96
97 12
6 49
70 48
17 62
46 72
74 26
27 4
36 100
91 21
54 94
22 3
16 55
49 13
15 39
100 83
12 81
21 61
19 67
15 10
3 1
47 89
2 5
16 72
79 71
2 38
55 65
52 58
71 94
75 71
14 49
43 34
24 58
23 40
60 45
24 31
20 14
39 78
26 56
3 29
84 18
58 63
60 18
84 20
6 58
42 12
98 63
28 43
22 65
96 80
35 49
84 42
16 23
33 26
61 94
86 33
2 91
55 11
27 23
24 5
46 33
32 70
72 33
8 44
11 89
82 100
83 79
4 55
15 100
68 19
35 25
10 62
42 15
44 18
43 35
75 24
28 42
59 60
25 45
51 87
55 56
90 83
98 60
12 7
30 48
12 70
84 48
47 27
14 31
80 97
29 72
92 100
57 40
79 59
98 97
34 14
52 61
15 79
49 75
90 42
46 35
16 9
86 32
41 78
70 21
9 29
8 64
10 76
99 6
49 62
67 49
58 95
25 78
44 6
82 54
20 46
57 70
66 76
31 79
31 39
51 93
59 14
82 88
27 95
91 45
5 15
7 86
96 81
6 26
10 37
45 37
47 13
32 45
90 1
30 78
31 90
1 54
36 50
11 61
7 45
68 62
85 87
80 27
65 68
14 28
89 2
81 58
83 43
72 77
14 70
84 68
82 67
45 15
98 9
14 50
41 74
84 88
100 55
13 82
96 87
77 76
6 57
50 74
91 12
83 20
11 45
1 41
76 51
67 5
67 56
5 55
13 19
5 95
82 3
50 90
14 90
26 25
42 67
38 99
84 56
85 72
43 5
90 7
98 47
42 48
15 80
92 57
94 89
95 43
77 100
57 3
1 63
74 52
79 20
38 15
43 95
82 29
91 65
15 50
39 55
48 74
75 67
12 90
92 17
51 74
90 41
61 4
4 99
16 13
70 34
50 6
77 87
65 29
41 96
82 19
7 12
56 71
91 11
65 55
44 20
78 88
38 97
55 29
80 72
76 2
55 98
95 11
76 46
79 70
72 27
51 28
100 74
86 50
18 21
62 55
21 48
69 91
4 11
71 19
31 41
83 89
10 99
59 60
3 13
69 25
88 79
16 53
66 32
61 82
66 30
10 18
24 32
4 51
59 26
75 42
44 100
34 15
41 18
6 48
45 69
48 52
65 2
78 10
7 15
28 50
43 76
42 41
61 65
28 88
2 33
38 12
78 63
24 66
74 18
6 36
4 64
43 86
47 58
59 12
50 68
32 55
54 48
50 75
46 66
25 33
65 91
39 26
7 54
80 29
68 33
80 42
76 26
4 74
99 83
28 48
70 81
70 85
31 64
20 65
8 7
95 83
51 10
49 31
74 41
59 16
48 57
38 84
6 62
88 47
26 27
11 85
83 33
1 4
81 41
59 31
34 57
66 79
22 28
94 25
21 18
17 24
12 87
36 25
79 12
25 88
74 87
8 9
79 1
72 100
87 35
49 5
52 83
89 69
67 94
72 9
33 23
42 72
6 74
92 68
43 7
61 22
65 61
88 89
25 4
11 41
46 94
78 58
54 20
1 84
94 90
2 52
74 44
42 60
27 60
79 85
7 89
41 97
50 21
48 12
47 91
79 71
24 37
41 66
49 98
69 74
13 38
76 44
16 96
18 7
29 20
68 66
65 17
73 94
13 72
36 33
46 17
68 67
25 100
46 22
73 3
6 98
28 2
93 92
66 47
63 77
74 69
97 63
57 42
10 12
13 34
62 3
22 13
3 2
29 38
74 57
68 44
95 89
24 91
11 44
75 35
7 23
30 93
69 3
27 36
7 61
80 72
23 47
75 12
91 12
30 5
40 96
25 62
39 42
50 98
95 10
75 78
21 24
17 66
56 84
23 34
9 12
30 9
21 23
94 68
54 90
55 94
10 99
65 91
68 41
13 76
78 51
48 7
69 1
72 7
99 58
19 56
93 18
62 53
18 43
90 22
46 1
48 15
14 33
86 20
32 95
16 38
99 35
58 31
41 73
59 30
2 85
23 34
90 84
26 7
47 80
62 5
88 98
14 63
22 15
40 10
4 69
93 24
76 93
86 18
45 94
88 62
87 34
17 46
84 73
90 81
29 59
47 74
16 74
79 91
10 49
36 16
20 12
42 1
14 48
87 100
85 43
22 33
31 53
70 54
39 12
24 37
71 45
11 42
41 36
39 1
92 75
68 82
24 56
40 50
45 88
11 34
25 40
66 59
56 80
32 21
90 66
19 6
82 70
79 75
40 58
21 45
2 12
9 13
84 58
99 49
68 2
19 25
96 84
69 4
42 75
47 38
46 4
57 16
95 14
87 24
67 58
40 33
66 64
3 13
3 49
30 25
42 29
62 73
91 23
96 94
14 57
80 79
13 97
59 73
76 26
32 12
78 31
27 43
25 77
52 17
65 64
18 95
3 2
52 98
22 97
73 37
69 63
80 67
3 56
9 98
2 96
24 52
60 24
67 95
66 79
24 39
27 17
56 89
80 31
11 63
61 14
26 50
30 77
59 61
54 27
18 32
65 99
17 7
9 33
47 89
77 13
93 41
44 10
54 88
24 8
96 18
56 44
88 48
60 22
90 58
53 10
98 57
93 60
81 2
14 85
62 8
50 27
6 40
86 31
16 67
22 71
19 77
38 48
58 83
31 69
64 38
8 48
8 61
30 70
11 1
78 75
31 35
87 50
19 9
32 65
84 18
85 41
60 93
34 65
44 22
31 86
28 73
46 52
85 22
3 95
73 51
75 79
96 79
23 18
31 67
64 4
10 15
65 58
28 96
5 25
1 71
31 68
6 89
42 6
21 51
37 100
90 74
52 71
79 2
54 14
85 4
93 38
96 76
6 22
21 6
17 86
13 56
2 36
37 72
39 40
17 18
59 51
70 31
65 56
48 10
31 51
21 39
80 98
17 15
95 100
21 20
82 60
56 93
82 12
61 51
68 91
79 83
45 86
29 57
33 91
80 97
23 71
86 92
82 36
84 68
8 13
10 89
100 73
40 68
84 19
72 68
76 60
26 29
97 70
43 15
14 73
67 54
83 75
35 66
30 6
73 17
5 43
99 15
6 82
94 90
70 44
48 71
47 85
19 45
26 8
90 30
66 58
37 13
68 57
4 69
11 59
67 4
39 13
65 29
44 33
35 37
32 23
27 97
32 43
32 46
5 93
97 12
51 8
21 29
41 25
15 75
5 16
87 50
92 45
91 56
30 19
99 37
12 51
61 17
55 63
61 14
4 43
72 17
63 32
13 62
25 14
88 48
42 27
56 42
47 11
68 83
13 67
50 70
96 5
42 45
93 95
33 91
46 91
37 70
27 31
90 49
1 36
55 77
36 18
36 96
62 20
26 44
40 48
65 67
11 91
84 45
70 25
37 15
33 80
13 60
6 18
77 76
81 43
59 82
25 95
83 90
81 54
90 38
98 43
93 81
35 34
81 7
67 29
40 44
21 90
30 44
4 91
16 32
15 23
70 38
75 22
42 85
64 83
30 22
74 23
56 38
62 100
96 40
89 18
1 30
29 100
55 74
67 90
9 24
35 44
43 3
83 23
50 3
21 85
66 8
46 20
85 33
1 93
11 6
45 9
16 23
91 48
84 86
86 65
29 65
44 49
64 99
19 71
39 3
19 90
16 49
96 38
16 33
8 95
90 42
34 77
52 27
8 12
87 69
43 71
98 41
31 83
15 18
1 43
62 50
40 72
61 47
22 52
44 96
81 88
88 17
34 36
76 60
37 93
74 85
73 83
71 5
39 1
84 79
30 62
41 34
98 49
39 78
29 76
37 94
3 78
37 39
20 17
13 43
46 49
66 78
95 18
46 62
81 65
97 47
95 38
55 93
14 64
53 82
44 72
28 99
69 71
69 5
42 10
42 50
91 20
42 69
97 27
64 5
69 35
61 35
52 56
82 44
40 96
70 90
52 10
93 48
42 79
92 78
35 32
100 5
9 61
1 59
49 25
55 75
54 50
42 72
86 77
44 87
75 16
78 73
20 28
86 57
63 15
83 87
98 61
1 59
77 80
6 38
26 65
20 10
31 36
89 49
47 66
98 80
93 20
86 8
66 93
54 34
23 46
71 89
90 53
12 89
6 11
68 49
59 56
25 97
69 12
58 79
32 84
33 81
14 19
64 39
16 4
36 11
91 41
65 31
37 45
39 70
11 34
25 92
89 86
88 58
78 50
13 100
64 1
65 76
22 56
54 6
48 50
3 12
48 20
5 25
29 67
19 30
100 33
20 27
97 33
15 61
12 1
49 55
83 95
16 22
57 17
39 49
5 72
74 27
21 57
74 94
38 50
31 53
40 43
17 1
27 68
83 40
100 99
76 39
35 50
26 99
60 25
93 63
16 51
46 50
17 38
24 23
18 36
61 30
9 67
63 46
100 95
73 10
46 91
94 14
13 34
28 41
51 34
14 64
100 54
32 21
93 83
16 83
12 11
61 21
61 69
20 4
86 39
63 27
12 24
88 21
87 16
19 97
80 27
49 65
73 20
54 58
96 97
62 34
82 27
81 11
53 63
73 21
28 27
92 62
75 33
40 29
22 26
65 71
47 79
96 55
10 33
10 6
8 52
82 49
8 16
100 80
71 40
47 69
25 21
29 88
4 85
12 19
16 32
45 54
62 6
34 23
24 31
16 45
12 68
33 78
90 100
33 65
39 76
43 68
54 50
31 26
40 71
89 7
83 90
13 52
19 82
39 78
32 79
14 92
75 86
23 25
99 40
81 76
92 90
33 45
6 78
56 69
53 57
17 63
76 38
13 100
60 64
88 84
47 58
20 29
83 31
82 45
6 46
86 80
86 87
83 54
55 34
11 28
52 34
24 88
65 46
37 67
67 11
13 28
47 22
12 89
66 83
73 83
62 99
18 35
19 52
73 5
73 66
42 90
31 40
44 80
83 15
24 37
79 62
23 37
17 15
28 67
66 53
10 7
92 23
46 91
30 35
42 66
79 82
23 35
16 86
12 13
89 83
8 17
80 61
14 32
82 16
8 82
58 47
86 68
47 28
11 80
83 12
74 20
70 53
5 38
20 47
63 56
7 18
67 48
6 36
40 20
61 93
27 44
74 22
45 89
88 76
88 4
46 67
96 52
71 35
82 94
50 33
70 39
91 11
96 6
82 16
51 93
80 19
77 76
24 16
69 9
89 20
59 84
14 28
12 75
91 93
99 67
63 66
20 25
68 75
66 86
58 39
59 49
49 2
60 18
76 59
67 27
99 58
29 76
35 6
47 60
34 71
78 4
57 84
79 92
6 7
39 78
6 9
53 1
36 18
3 8
6 4
88 86
18 2
50 30
65 12
26 92
70 89
85 83
79 16
80 64
89 26
81 90
58 25
4 38
91 45
79 3
87 77
17 71
18 92
24 50
77 25
18 83
23 45
47 8
77 79
29 60
95 52
58 73
94 31
20 71
65 70
29 58
2 78
75 30
55 78
45 74
58 82
71 22
83 16
6 40
51 38
50 82
10 27
3 77
59 22
99 42
92 25
30 45
91 98
98 52
44 88
44 36
33 54
10 54
34 15
70 51
1 38
94 35
16 59
76 21
63 16
5 60
92 42
63 6
15 92
73 37
40 68
54 58
79 29
41 9
82 2
52 82
92 93
19 13
80 84
89 87
20 93
62 19
60 32
46 45
100 89
32 14
2 49
66 82
52 67
93 57
87 75
31 80
63 41
76 33
11 52
4 48
94 95
39 7
61 43
62 25
90 85
3 93
2 11
99 84
47 39
71 60
23 53
97 14
8 82
12 69
16 9
76 45
36 62
52 58
59 24
76 46
76 10
36 1
48 29
90 25
73 88
33 10
14 21
43 56
47 21
52 92
49 14
25 16
71 40
19 20
97 18
46 59
8 58
52 89
99 92
83 35
34 53
50 5
86 85
40 61
21 86
83 79
89 3
61 27
35 83
4 14
41 11
76 72
7 4
61 91
53 42
28 88
83 74
38 57
27 82
45 34
9 73
63 42
97 72
27 49
86 4
52 81
15 6
6 53
22 18
79 75
69 96
56 71
47 85
31 44
77 37
58 68
15 31
84 97
27 93
50 85
3 97
82 35
21 12
61 29
6 17
14 76
1 9
47 20
45 41
4 31
48 16
48 28
56 35
36 95
55 20
61 6
90 78
43 4
15 8
11 66
4 74
40 60
34 60
53 58
56 81
17 48
46 67
92 13
10 42
39 88
62 35
98 33
76 78
32 51
53 40
25 74
28 73
49 46
30 100
90 12
85 28
49 67
39 30
54 56
32 28
73 100
60 30
41 6
6 35
96 18
99 44
9 52
30 16
44 60
88 23
75 7
59 13
81 100
73 96
53 58
51 85
91 55
26 71
29 96
51 98
45 30
44 99
1 31
4 40
61 92
36 15
54 16
58 54
80 14
38 51
83 61
9 43
14 75
25 33
58 24
78 5
42 47
64 15
45 52
55 45
82 94
30 24
83 53
91 24
94 39
96 1
90 80
91 46
47 24
24 63
21 80
13 96
32 34
87 80
40 27
12 93
61 65
64 38
63 21
92 45
59 41
59 52
18 91
19 33
71 17
78 55
42 55
64 73
78 60
9 87
29 89
74 69
43 38
83 21
46 86
43 4
64 83
38 85
8 97
74 99
29 5
9 81
6 98
46 13
78 76
98 73
36 4
7 14
40 91
90 10
58 69
62 42
48 92
67 12
80 42
75 64
99 85
57 7
64 50
5 38
32 99
38 17
66 56
18 67
24 76
61 80
65 90
33 84
69 7
72 21
58 17
17 67
15 84
5 33
5 20
85 10
23 81
62 22
28 84
95 54
40 66
10 41
37 54
35 18
3 29
80 29
2 27
45 65
32 20
56 31
43 69
73 59
43 24
7 41
57 54
63 77
76 77
46 47
48 93
28 20
96 8
70 82
82 99
29 39
55 43
86 58
33 51
55 3
31 29
22 36
11 13
100 43
60 12
82 23
52 53
43 23
46 66
53 59
72 27
99 94
34 46
46 84
21 16
66 9
84 15
84 69
47 15
82 12
54 70
67 90
78 92
78 100
8 95
76 30
52 60
21 26
80 84
13 55
48 71
72 97
82 21
32 28
24 98
81 13
81 51
9 23
22 17
35 59
6 67
30 96
93 86
14 76
40 91
22 55
12 100
17 26
7 32
67 58
23 43
56 11
54 96
68 2
65 54
60 97
26 11
6 20
95 92
92 100
97 54
66 27
59 69
94 41
14 63
87 91
79 96
51 41
10 53
18 32
47 1
48 68
74 66
90 64
10 67
53 87
78 30
65 18
52 64
70 48
44 93
26 93
55 49
18 7
60 89
49 85
53 29
19 16
38 82
43 86
7 90
27 28
30 37
48 83
98 18
42 78
82 31
99 64
50 6
84 18
64 94
61 64
25 36
13 63
13 80
13 88
64 26
57 95
11 23
58 31
11 2
24 85
56 25
56 23
61 69
24 17
29 81
98 69
95 61
70 55
5 83
30 41
53 99
16 26
64 81
31 74
18 92
36 97
50 42
17 50
10 32
54 55
76 69
58 84
54 61
67 66
65 24
38 10
17 83
29 49
22 1
60 56
74 82
26 90
54 76
7 52
38 49
17 8
89 26
31 17
89 79
1 51
53 89
81 98
37 4
4 64
6 72
52 34
94 85
69 82
1 39
13 4
98 38
60 18
47 66
48 65
15 94
5 42
49 8
96 46
81 47
64 8
29 13
98 23
37 53
48 97
95 30
43 49
19 40
82 50
29 13
31 6
94 18
59 11
15 88
95 68
14 88
38 35
55 25
94 86
60 20
3 75
51 54
33 95
1 27
61 80
46 99
63 46
60 40
60 90
3 38
6 22
45 34
72 67
3 74
73 12
38 27
44 38
3 18
37 83
58 74
60 88
28 47
40 98
97 39
78 94
76 32
49 78
14 82
33 97
97 23
41 8
18 95
23 3
90 16
91 17
12 91
75 79
87 70
53 35
8 69
58 69
87 91
100 25
33 6
15 42
5 90
56 83
26 44
67 45
35 44
50 74
91 35
16 18
59 23
31 51
77 31
73 88
57 51
22 24
58 34
94 46
98 67
68 86
37 74
16 95
14 92
24 98
60 22
1 73
82 98
32 57
38 54
87 4
89 58
60 99
10 11
69 24
24 8
64 4
22 60
29 71
62 60
44 22
96 53
77 8
70 21
53 14
20 4
91 26
79 90
60 15
8 7
31 38
24 19
12 50
71 9
100 67
90 70
24 71
1 24
88 10
28 6
2 38
30 21
68 50
2 13
48 14
19 61
13 89
91 78
42 33
5 45
47 42
32 43
82 51
85 71
13 92
55 27
77 47
52 88
61 50
50 36
68 79
27 98
20 14
11 73
71 30
29 90
14 52
34 78
50 81
84 3
23 28
34 30
5 98
72 64
70 56
24 92
59 17
65 22
44 76
57 21
65 26
23 4
51 66
15 26
72 19
80 9
30 64
61 70
85 65
66 99
86 69
44 92
27 67
81 78
91 68
97 72
78 56
77 58
50 85
76 42
94 80
48 88
86 18
74 95
14 67
2 89
85 3
68 94
6 93
90 29
1 92
30 43
86 24
25 29
23 47
35 9
43 80
82 92
60 15
98 93
31 47
42 29
98 7
65 40
21 98
16 17
84 73
26 93
8 35
85 77
87 15
68 7
83 12
74 44
81 55
53 90
87 94
65 39
44 80
99 1
35 63
49 66
2 19
76 22
12 40
80 36
30 59
2 41
86 7
43 13
32 92
22 5
16 82
92 6
43 92
52 79
32 7
85 83
72 81
35 75
15 33
87 53
71 58
25 62
40 52
43 21
75 34
66 56
28 60
18 71
59 39
5 82
91 16
28 29
57 26
62 28
97 27
46 88
94 33
67 73
81 100
72 100
11 54
22 3
33 56
21 93
37 91
10 40
66 42
92 17
99 16
13 19
67 14
78 11
88 71
50 51
52 59
43 77
47 33
28 86
77 28
92 93
78 64
27 97
4 42
74 2
73 33
64 54
70 84
79 56
54 56
53 2
53 50
58 84
77 25
81 9
87 19
31 60
79 90
60 90
80 55
20 88
58 94
41 14
27 93
57 87
92 67
44 5
86 85
95 1
11 58
78 80
11 39
11 25
89 48
95 5
20 25
26 84
38 37
40 33
86 43
36 86
50 30
22 45
65 80
38 53
68 31
56 11
92 44
32 47
59 91
43 44
31 60
73 8
85 83
22 18
67 39
46 16
14 57
41 100
33 48
15 39
34 80
52 81
51 81
60 26
87 86
84 10
25 7
47 7
9 18
73 10
66 44
63 100
40 64
93 76
20 98
37 77
17 39
5 44
43 69
5 1
45 56
60 59
72 28
15 57
61 40
94 45
12 34
58 79
7 87
22 75
42 90
62 87
63 84
67 27
55 14
16 95
9 28
53 4
78 56
46 9
2 88
49 58
40 25
46 85
17 50
37 12
26 74
96 83
22 58
74 98
74 80
23 66
81 8
98 31
24 61
46 78
89 41
15 71
33 52
79 97
42 77
31 66
40 13
35 38
35 90
40 52
73 88
15 44
37 81
89 84
1 58
27 32
27 78
84 19
37 11
23 20
1 44
82 42
55 53
84 3
81 31
40 60
86 62
52 32
25 86
100 34
29 71
64 66
88 15
32 2
23 59
25 23
95 63
68 57
21 87
20 49
94 2
54 42
88 15
33 28
10 21
98 61
60 56
79 42
41 17
81 46
12 42
96 62
93 37
99 81
39 8
36 63
32 23
91 31
77 14
29 93
48 81
23 47
40 79
91 5
55 38
22 26
57 78
84 90
35 95
13 57
69 26
50 15
70 90
48 58
2 49
54 92
61 82
18 1
74 67
20 79
92 33
75 23
12 52
42 52
15 37
72 83
52 43
75 11
63 50
53 46
76 72
30 22
72 16
4 75
78 52
8 66
22 88
43 54
7 25
3 57
95 67
33 42
96 17
24 18
40 42
21 5
54 55
49 55
78 31
67 46
13 60
62 69
66 84
56 10
54 67
49 20
3 24
49 62
20 74
56 61
87 65
65 27
21 5
83 59
75 85
25 70
6 14
56 90
72 9
15 46
35 36
3 21
14 39
99 48
84 70
16 21
89 39
24 15
62 89
19 40
87 80
11 54
100 48
16 97
5 34
77 36
79 14
87 70
31 36
94 73
36 85
67 29
13 70
88 21
32 21
61 99
43 46
66 80
80 75
92 93
35 76
32 37
13 32
100 23
2 57
3 40
58 8
92 87
40 10
89 71
82 29
13 77
7 46
97 90
53 87
58 33
9 33
30 50
94 4
61 88
77 62
85 81
66 4
30 85
34 32
95 21
36 75
52 12
11 8
14 75
21 93
3 80
33 93
97 7
22 91
98 67
19 6
69 5
6 23
82 16
42 78
17 94
96 34
90 51
2 97
45 27
83 59
3 13
38 8
36 22
73 35
1 99
26 83
62 63
91 45
85 21
79 1
92 49
9 38
27 99
96 71
79 74
71 38
19 70
26 54
78 49
59 69
45 4
46 87
22 37
50 86
62 12
5 11
10 62
1 27
8 100
33 4
6 85
91 69
82 90
5 31
34 8
5 50
66 80
69 52
39 68
96 60
70 80
16 64
17 56
23 56
87 78
37 20
48 13
43 50
68 57
28 16
59 85
9 25
57 83
9 13
46 4
48 8
44 7
13 83
61 85
99 15
88 78
64 60
80 45
33 77
94 32
18 50
24 62
3 78
60 25
88 2
53 32
76 34
99 28
8 85
85 8
85 23
16 64
34 24
61 33
11 14
2 91
87 7
77 44
95 91
16 75
42 31
96 73
6 45
2 86
42 25
93 66
11 44
45 10
96 18
26 67
82 98
33 57
98 88
17 15
32 18
45 83
38 29
38 33
48 18
9 39
34 37
87 18
90 64
36 27
59 53
78 46
20 89
46 53
37 61
34 53
35 53
90 66
14 34
43 83
22 25
93 89
40 4
84 2
98 21
22 39
30 37
9 90
13 66
30 92
36 20
63 10
85 9
9 52
49 36
10 96
46 40
11 45
35 29
21 9
62 16
80 28
18 1
14 48
33 47
9 15
99 3
30 97
5 26
94 86
7 71
90 70
97 85
13 40
21 16
26 31
99 47
85 1
45 96
73 52
20 21
59 61
12 35
20 15
10 53
98 13
12 2
74 83
45 13
68 63
82 66
24 97
80 89
86 19
37 39
41 79
53 89
76 68
68 95
2 89
9 65
38 43
10 13
22 75
85 81
97 80
30 73
29 30
45 19
18 45
93 78
65 70
58 11
86 26
40 99
56 65
3 10
41 46
3 53
35 37
93 48
75 34
58 44
33 31
81 72
98 21
78 90
58 90
70 29
28 97
87 8
10 58
57 10
25 22
57 40
44 87
90 43
29 39
26 53
71 84
20 37
52 21
59 19
3 10
34 63
39 9
22 1
65 83
37 23
83 46
84 39
66 28
73 29
8 27
79 77
11 73
79 46
68 70
68 50
50 47
58 36
43 57
20 72
83 86
44 97
88 55
69 24
22 73
16 30
23 6
83 23
43 34
79 10
95 77
37 42
2 53
80 74
88 3
20 19
65 4
60 49
2 99
91 67
58 30
45 46
31 77
75 35
50 73
97 65
12 91
99 90
85 62
75 12
67 90
52 15
34 94
37 87
88 96
82 21
16 10
94 71
4 19
59 36
76 16
74 23
54 96
89 24
63 38
78 67
85 16
85 62
82 12
10 45
85 78
65 39
53 7
99 86
25 11
76 43
98 88
40 76
48 38
7 77
41 42
36 88
5 62
32 73
67 9
66 92
16 42
12 46
15 13
13 55
47 91
56 9
67 85
78 44
68 75
14 65
90 2
92 50
96 75
80 44
37 88
42 21
88 4
13 87
35 24
65 55
70 77
3 73
2 3
70 63
11 73
16 59
80 93
45 46
34 56
29 99
51 3
7 84
87 9
45 74
78 94
44 57
6 63
80 78
2 78
69 29
29 70
41 98
83 7
33 95
69 97
79 88
75 24
2 62
15 5
94 44
68 61
58 1
93 50
31 9
64 26
1 96
68 99
93 32
16 51
71 36
25 7
70 88
65 50
79 100
72 82
51 66
6 40
24 12
98 64
10 56
98 86
16 85
70 82
10 33
38 83
18 46
100 83
60 14
49 37
92 54
13 47
9 8
46 81
56 5
48 16
90 42
82 50
66 28
75 33
6 19
51 61
1 9
70 67
47 2
54 72
42 76
75 40
42 82
34 51
94 40
96 43
97 57
60 98
27 2
70 11
66 59
83 48
68 48
19 34
10 92
11 33
25 91
24 46
58 40
73 6
39 29
12 91
91 35
4 52
64 91
8 68
73 42
40 83
13 37
21 96
71 39
97 94
60 18
52 97
48 24
17 25
43 64
34 86
5 20
4 3
91 46
18 19
66 80
32 59
30 12
35 100
34 32
45 2
25 83
16 86
46 85
12 51
53 40
50 81
7 33
22 16
88 23
15 61
53 86
82 75
42 38
39 59
68 57
23 17
63 3
97 18
79 64
88 53
97 31
28 81
92 81
72 89
41 16
65 38
98 59
59 11
85 52
71 64
2 28
52 35
63 10
49 54
40 20
39 94
1 73
14 66
39 55
15 64
27 43
77 99
47 96
97 1
4 26
18 75
4 86
37 90
54 15
17 45
52 54
54 97
70 36
11 10
65 20
21 70
69 33
89 57
76 96
85 94
13 58
97 76
37 10
59 88
20 96
77 60
98 55
57 2
83 47
64 43
67 73
52 82
36 58
28 23
63 86
21 66
60 74
30 48
98 47
75 6
62 84
74 63
83 45
44 54
53 8
51 60
98 54
54 63
59 66
89 20
26 76
49 43
67 33
25 17
56 2
62 1
87 9
22 82
65 98
56 78
77 52
47 22
11 94
4 34
77 69
100 74
62 44
71 85
90 70
56 47
28 20
34 59
100 72
77 64
46 52
95 31
8 62
26 60
16 8
77 14
19 65
85 73
98 20
57 46
3 57
43 21
87 70
16 81
9 5
74 38
49 11
33 98
53 96
5 6
58 88
60 91
24 51
22 74
20 63
3 39
91 62
17 68
77 4
65 6
53 7
42 65
93 90
14 95
70 43
73 80
21 50
55 12
83 75
64 16
9 26
28 83
97 81
75 12
65 4
51 47
76 15
69 21
17 42
39 7
37 58
29 68
58 78
9 12
85 45
79 69
43 50
69 81
28 18
64 62
70 54
45 68
30 36
71 93
25 82
18 41
46 95
87 68
72 4
38 98
1 76
60 24
45 8
9 74
72 98
6 17
15 96
98 27
90 43
33 67
54 89
39 8
80 49
4 28
60 52
28 41
96 94
72 66
91 71
58 97
38 96
25 12
68 84
66 36
14 21
9 20
84 20
51 7
78 80
1 67
26 29
93 52
73 91
93 25
58 56
38 87
26 71
14 23
12 85
38 98
75 79
93 91
60 17
2 75
38 54
27 74
21 41
94 55
93 54
15 53
26 37
17 76
81 43
97 90
60 63
21 15
60 61
7 27
54 98
37 27
51 99
44 85
94 70
2 41
74 47
80 44
4 29
31 94
61 27
81 53
8 13
64 30
68 3
52 27
32 27
98 22
20 39
47 64
65 93
32 75
53 76
24 79
7 98
9 93
12 28
92 75
44 9
94 72
65 55
8 80
80 6
92 90
12 88
79 64
63 10
72 64
65 94
4 73
84 25
91 42
85 31
96 42
59 39
37 26
19 86
61 56
68 25
85 65
11 22
91 62
71 30
61 37
73 76
15 39
31 80
99 81
64 25
3 22
27 20
96 53
5 89
53 61
19 43
13 55
60 5
37 52
16 85
60 79
15 33
57 16
53 1
29 53
7 28
62 60
46 43
66 75
44 69
26 96
77 10
4 40
48 80
13 22
73 43
29 34
38 62
96 37
60 59
77 85
30 71
54 25
98 59
97 59
15 14
74 80
77 21
93 12
82 84
79 66
81 79
49 80
82 88
70 39
33 26
19 75
58 8
22 30
92 24
85 74
64 3
88 77
98 76
77 39
58 24
41 62
86 77
52 50
86 45
72 59
55 91
70 63
50 70
29 24
58 14
42 93
31 77
14 47
51 27
59 98
92 19
83 31
12 3
40 70
36 17
88 42
87 32
82 36
77 79
99 53
43 11
55 18
39 6
63 8
20 59
59 74
16 29
19 33
97 33
49 66
95 55
7 3
36 2
9 6
18 3
39 32
29 54
92 30
1 30
5 87
94 78
47 49
21 17
67 2
60 61
88 26
88 86
22 66
60 77
15 100
58 82
27 25
13 97
55 10
31 81
12 99
5 52
11 5
8 97
82 87
42 29
95 77
5 87
60 71
53 21
81 1
90 92
16 27
19 86
35 58
71 7
88 55
60 81
30 82
25 87
18 72
1 66
88 50
89 4
47 94
41 86
59 91
95 97
38 14
12 51
13 20
45 63
40 79
50 99
64 47
89 98
92 27
77 56
22 70
73 7
94 5
8 28
86 83
95 9
81 1
25 36
16 92
35 72
6 9
70 86
32 99
36 23
23 7
81 78
54 15
63 80
20 24
29 42
14 74
23 79
85 91
39 24
37 66
35 85
70 42
91 94
62 47
56 76
8 64
18 37
60 50
83 74
88 56
23 40
53 98
72 6
79 45
61 28
23 46
97 93
60 51
76 70
26 43
82 3
45 17
94 7
30 7
53 54
29 7
4 59
62 25
73 49
91 81
73 45
93 16
18 98
37 5
44 54
57 17
51 15
73 87
12 76
89 87
5 60
28 78
30 54
57 30
70 87
94 14
51 11
21 68
5 63
27 96
16 8
5 15
74 51
67 7
63 67
8 50
43 59
92 10
58 79
25 85
77 74
29 61
62 7
6 38
35 37
98 96
19 77
60 18
84 71
12 31
75 62
71 62
73 7
12 82
21 23
67 4
37 91
43 65
22 18
92 58
14 13
34 30
23 94
92 71
59 51
16 47
42 83
96 97
55 11
51 80
91 97
84 43
100 77
73 3
29 14
81 36
46 22
20 41
2 1
7 38
76 52
98 70
21 42
40 67
92 8
17 67
32 79
71 29
46 40
32 69
10 81
77 64
59 4
59 41
53 78
37 9
83 20
17 78
77 3
80 96
88 35
3 21
26 83
21 15
82 95
57 66
53 49
16 93
15 10
68 30
53 27
71 81
15 82
48 65
88 83
62 13
12 46
64 73
26 88
88 55
19 51
33 52
90 21
11 54
5 10
8 90
31 13
55 14
31 87
23 49
2 54
16 8
71 68
56 54
50 98
94 20
2 69
64 85
61 55
9 28
69 18
72 70
53 95
65 56
28 85
25 42
92 53
20 78
29 25
30 79
93 28
61 59
57 15
69 27
63 42
67 100
78 83
94 88
37 64
99 51
55 16
19 99
71 1
45 48
8 26
100 32
65 20
60 15
94 2
68 80
80 59
25 1
91 47
27 86
15 21
23 32
51 84
81 51
22 26
76 97
89 45
50 34
79 44
9 78
62 54
23 85
74 83
97 99
16 47
32 59
58 64
28 63
69 94
28 37
67 87
86 40
54 26
19 20
36 22
28 76
80 97
31 46
78 49
66 19
12 2
72 45
39 76
82 58
97 55
4 6
7 68
100 11
84 85
56 92
52 25
12 63
51 91
94 60
16 30
43 54
82 55
