83 1307 29
66 53
80 19
72 30
8 21
35 16
51 37
37 66
61 53
8 83
6 48
66 62
53 23
9 78
50 57
14 73
17 31
45 59
76 29
47 9
37 38
71 8
38 80
3 80
36 68
62 46
67 2
33 14
10 69
36 73
48 24
66 16
67 82
48 37
56 27
80 3
83 13
3 15
46 65
70 36
10 45
5 31
61 27
48 46
14 29
2 41
36 69
75 58
23 20
67 40
5 36
52 81
48 23
72 28
75 69
38 16
44 65
65 78
48 75
19 23
81 40
4 20
63 34
50 70
49 2
53 32
53 79
28 59
69 47
4 9
32 36
49 31
25 33
60 57
25 19
40 4
66 14
65 52
24 74
35 53
22 38
49 3
52 3
62 53
11 38
74 11
16 56
47 10
29 45
71 34
8 28
15 59
19 3
22 38
31 60
70 73
82 57
32 13
36 31
30 57
2 11
46 3
23 8
66 42
44 23
12 30
60 82
32 68
80 49
46 41
81 24
46 70
45 71
22 34
25 20
22 72
75 17
20 32
61 65
32 30
19 66
32 64
33 71
62 46
23 12
45 66
74 76
79 39
5 79
27 34
11 14
12 77
23 16
22 75
24 69
31 66
74 1
59 51
42 46
61 2
73 16
38 41
62 83
63 22
63 6
30 27
80 47
21 25
80 40
68 57
15 52
29 50
21 49
39 78
61 3
17 48
82 65
75 32
16 66
30 80
56 79
37 35
64 58
12 54
29 32
67 36
4 21
55 74
65 38
17 19
25 23
32 41
72 78
13 63
15 13
32 45
50 18
24 50
21 83
40 57
18 43
66 18
68 35
1 4
65 54
57 76
58 69
51 41
1 20
34 54
45 65
1 55
16 4
49 40
78 44
35 33
39 70
28 7
2 69
34 59
71 19
77 43
42 65
68 37
53 29
6 74
49 52
2 5
74 71
16 56
9 3
77 78
24 63
15 16
36 67
63 61
64 11
31 64
33 70
82 10
58 34
35 46
14 80
16 33
38 69
80 37
31 2
11 26
56 27
72 37
15 79
47 45
62 68
48 50
57 58
10 21
81 12
14 69
55 82
59 24
58 73
38 11
57 34
33 5
18 77
23 47
33 64
33 26
17 13
40 31
52 18
7 74
24 73
64 40
19 78
74 26
13 73
49 10
59 35
42 79
77 2
39 25
53 35
58 26
46 66
23 21
9 65
30 35
69 12
4 60
63 62
49 13
30 83
34 19
59 83
23 39
4 67
18 57
34 39
52 50
58 34
21 68
8 10
7 15
82 59
59 80
67 26
58 80
6 36
45 27
49 4
77 33
35 11
81 31
63 70
35 70
33 83
25 2
62 6
52 25
37 70
73 27
34 70
46 63
69 43
40 19
15 39
45 14
29 10
77 58
1 24
5 48
6 14
13 22
29 2
52 37
64 6
57 71
37 7
27 16
8 56
56 39
66 30
70 54
81 67
13 3
33 23
54 40
32 73
30 11
54 29
24 54
65 75
59 55
23 47
44 36
36 70
72 71
66 65
8 13
11 25
1 59
75 62
35 16
17 55
54 6
37 69
56 49
47 5
58 32
44 12
71 74
8 41
63 71
81 27
35 47
78 47
24 12
19 49
8 16
27 20
64 43
48 55
74 22
40 3
48 22
80 15
1 77
35 76
35 83
9 64
50 1
34 21
67 82
26 37
45 72
54 56
68 27
49 25
60 12
58 5
46 28
2 75
39 54
27 35
50 31
65 33
44 1
23 15
43 23
82 59
48 25
66 79
83 34
26 69
31 16
34 62
45 12
13 69
69 77
33 61
31 17
80 57
10 79
53 49
83 51
74 27
29 13
72 48
61 19
22 35
78 41
37 45
69 29
72 42
39 59
37 14
44 6
70 49
14 32
66 13
27 33
5 63
72 32
58 46
77 16
49 8
10 83
56 4
83 74
6 5
72 83
28 25
23 22
64 31
24 63
29 12
49 62
17 64
42 51
83 28
46 37
12 50
1 50
40 29
47 54
76 56
49 53
49 40
67 20
75 35
60 64
8 12
73 32
39 45
14 1
75 30
18 12
23 13
72 79
55 3
27 80
53 13
45 63
66 42
45 13
74 37
20 60
51 67
34 77
25 67
76 18
58 13
62 32
23 52
75 52
78 1
74 37
46 36
24 80
11 23
22 29
59 3
81 49
34 18
29 64
50 37
22 50
11 44
61 23
80 14
81 68
69 54
7 22
40 64
36 35
60 54
69 34
27 75
18 10
14 62
63 79
18 60
35 17
30 29
22 37
80 69
38 32
36 76
83 1
29 34
3 83
77 17
49 59
1 82
9 50
56 20
66 72
63 25
64 76
61 70
71 18
22 41
13 76
45 46
75 28
12 22
12 51
39 44
80 13
44 42
79 44
15 62
67 16
51 4
5 17
79 17
31 62
49 36
16 77
24 70
23 20
71 83
65 36
50 18
76 30
28 47
66 44
75 79
40 11
56 18
9 46
34 64
41 60
49 34
48 67
16 32
19 81
36 38
12 61
15 13
51 33
64 40
69 83
83 2
30 64
17 13
14 61
53 52
11 10
50 60
38 60
38 13
68 79
64 81
83 64
60 34
18 53
59 78
16 45
63 72
54 14
20 73
7 30
73 35
45 19
44 25
10 61
12 4
5 40
21 30
29 52
63 4
27 39
33 9
31 7
16 80
4 3
57 38
11 38
8 67
78 25
74 72
74 4
13 55
30 14
29 77
27 72
61 27
15 69
67 78
79 32
73 2
8 65
29 67
37 2
63 13
69 67
62 15
36 75
19 2
61 17
29 30
1 5
5 21
16 57
56 71
62 21
14 6
22 17
64 76
33 29
42 15
49 71
62 72
4 48
7 11
25 10
45 22
81 55
80 83
44 67
50 37
63 79
72 76
56 25
11 45
42 23
40 28
26 10
9 43
5 40
6 74
56 3
52 27
15 16
11 22
40 17
34 73
31 45
47 38
25 40
81 10
37 6
68 64
3 8
57 14
62 24
39 19
50 68
61 24
64 1
55 4
26 74
27 67
9 59
20 31
39 4
43 63
56 55
43 3
21 16
83 54
73 60
68 13
31 75
49 72
77 50
6 51
67 50
64 25
8 4
58 62
6 32
52 8
57 28
83 39
36 38
63 44
51 62
43 61
23 11
49 57
8 14
40 56
76 20
19 35
5 78
7 77
1 82
5 58
62 1
41 21
13 55
5 54
74 51
66 73
34 66
10 35
63 4
41 40
31 9
27 51
64 55
9 16
37 41
77 71
29 64
79 61
28 72
13 79
22 3
72 70
5 14
32 18
22 32
71 15
35 16
36 49
70 60
50 5
66 19
66 8
29 56
40 60
43 60
9 71
15 59
64 11
83 59
13 77
56 74
73 78
17 37
78 63
21 80
75 9
6 20
15 27
29 62
21 53
37 12
50 55
42 48
76 75
57 40
76 47
54 2
28 4
3 47
49 34
48 65
27 55
48 29
22 37
78 33
32 39
82 75
48 7
4 35
36 42
4 17
62 35
42 74
60 72
12 4
62 66
60 53
27 36
72 63
2 28
10 80
22 76
8 70
81 45
29 20
59 49
35 45
54 9
65 10
7 38
67 27
34 1
19 15
31 29
39 71
55 15
33 18
70 23
34 44
70 17
57 68
62 39
76 20
71 81
63 79
69 71
44 4
16 33
82 37
68 54
76 66
29 48
62 57
62 77
13 31
2 65
68 61
23 30
6 9
34 48
32 5
80 31
74 49
21 71
2 44
45 67
71 42
33 76
40 41
23 82
42 36
53 46
44 8
65 55
48 37
55 61
11 78
1 77
32 22
49 22
48 57
71 33
70 41
81 33
47 79
60 20
19 18
82 61
6 74
18 17
32 19
46 69
24 16
10 34
19 8
44 36
71 25
74 60
8 65
82 49
59 1
62 31
61 62
66 63
57 31
2 33
19 13
28 32
71 65
9 16
45 70
65 22
15 5
50 52
81 12
70 62
11 66
12 11
48 26
8 78
15 30
56 5
71 9
50 39
53 26
69 38
69 6
10 19
24 69
81 77
14 12
36 82
19 67
25 26
23 66
2 67
44 35
10 78
62 33
56 11
27 80
27 53
76 58
1 74
60 36
33 22
23 17
5 57
17 78
83 57
15 45
13 14
4 9
67 12
25 14
53 3
55 2
49 31
3 57
60 40
23 51
50 24
25 26
30 74
58 65
71 37
29 1
70 63
69 80
7 17
15 83
5 82
17 61
30 17
81 36
79 57
51 48
80 13
7 83
8 12
18 51
61 54
18 19
38 66
54 72
46 29
44 36
50 48
75 30
76 64
24 14
64 4
8 12
34 83
41 54
16 65
62 59
4 15
23 30
42 18
41 10
7 29
14 61
56 65
37 3
81 3
68 50
14 18
41 53
2 57
5 7
53 76
51 49
58 60
79 76
60 82
52 69
38 76
16 44
19 69
31 58
70 31
29 49
42 28
10 15
82 74
4 12
70 44
8 43
9 46
9 69
72 42
29 10
51 34
21 38
82 18
83 18
50 22
34 16
25 34
58 27
63 31
36 55
34 44
9 53
18 47
7 17
41 36
41 29
14 68
4 36
66 71
19 33
34 25
78 34
34 75
80 71
67 46
72 80
59 10
16 69
60 71
35 1
19 20
45 16
16 14
38 50
59 6
67 52
54 57
65 71
69 9
68 45
26 39
27 42
62 78
8 24
38 78
78 51
24 64
70 60
76 66
23 77
6 49
71 49
71 18
61 22
9 52
68 75
37 67
4 61
10 2
35 2
22 8
46 70
68 57
36 23
32 78
40 22
60 20
48 37
55 48
63 13
49 2
66 39
67 79
61 75
42 70
60 50
14 77
16 36
42 31
11 54
10 53
66 32
2 3
31 42
76 52
71 47
64 32
72 1
18 55
43 30
63 26
10 4
10 48
6 72
15 36
39 4
42 45
21 44
24 37
41 59
27 68
25 61
24 80
66 26
33 77
66 47
54 15
5 12
13 39
2 56
24 73
43 63
52 5
12 29
3 67
12 25
41 67
30 1
7 51
78 46
79 18
57 27
5 35
28 34
26 25
59 1
42 82
15 21
45 76
7 19
70 28
76 79
41 33
42 72
33 67
1 37
55 33
16 39
44 55
82 5
10 18
51 67
81 64
46 2
29 3
25 79
83 20
36 62
16 30
68 29
78 51
47 11
36 45
38 15
77 63
18 1
2 69
4 82
55 68
37 12
14 82
6 45
73 30
48 6
18 8
37 68
52 61
30 14
23 10
21 67
67 24
49 31
51 52
42 46
79 41
32 44
1 70
28 57
45 44
71 19
7 3
12 80
22 20
40 58
61 25
82 19
55 10
15 59
74 19
82 28
27 42
32 24
49 34
62 48
26 13
82 61
11 7
19 5
40 37
16 61
77 21
33 63
34 17
8 2
57 75
40 6
67 54
26 80
32 27
5 47
38 20
9 43
15 18
41 76
10 51
61 24
38 72
35 28
6 27
55 26
59 62
34 49
64 69
73 23
66 12
28 56
23 39
60 6
67 32
26 1
29 47
16 8
53 29
2 42
68 14
21 29
5 78
69 41
31 69
79 54
72 7
45 53
44 27
9 42
47 58
17 15
3 61
65 2
22 58
37 13
29 74
63 44
50 72
78 14
10 46
35 5
67 72
76 82
82 60
47 60
77 28
38 35
70 83
20 43
34 60
70 81
38 73
10 45
19 10
50 66
37 65
62 76
71 53
68 24
28 42
34 81
3 37
6 30
24 80
43 23
7 56
12 16
63 82
47 38
83 78
5 78
74 52
23 49
22 32
30 65
55 15
34 41
12 32
2 62
47 29
74 47
69 30
39 4
7 42
31 24
64 74
2 82
70 26
12 48
