100
164784
538784
470600
227327
110075
712101
960861
654128
957123
411050
676846
396082
94804
675142
260301
988439
43072
866790
574207
794746
728710
418355
507509
538786
948359
256866
410084
502597
269027
896645
228884
433807
945336
209392
171042
55411
921489
641810
219446
388522
52859
896288
294512
147659
571429
64720
136098
614498
931506
220212
919151
170127
148475
426660
218820
606741
193433
628901
619245
462456
525545
848126
406171
470881
57517
87120
36199
488913
728926
255641
387342
781781
151929
681850
439347
723354
746567
85352
847759
187983
815469
276821
868014
473851
703477
86834
590499
406817
715731
209744
379180
751183
57869
295258
222063
625290
382374
768166
114202
111299
