81
7009
496918
231330
976319
394057
297194
482247
14119
23071
546435
557521
182819
427480
95330
603159
828464
696485
63956
147823
419544
927046
572263
890107
499254
987281
670994
972765
493615
206745
968754
193937
723658
975579
425264
209887
369635
232365
692131
383750
255433
748473
941268
438248
175952
546505
551315
514323
242990
615267
172054
662530
52223
254224
552636
61384
241504
733537
544057
735115
940279
512810
929049
173847
488389
864220
383731
367931
96584
585769
751678
861921
844149
202856
300169
530008
749357
361391
44330
502254
486565
216380
